0.731830 0.263522 0.004649
0.739998 0.259992 0.000010
0.731539 0.268451 0.000010
0.771114 0.224384 0.004502
0.743878 0.249622 0.006500
0.731129 0.266436 0.002435
0.752762 0.247228 0.000010
0.734378 0.259109 0.006513
0.747208 0.252782 0.000010
0.748248 0.243466 0.008286
0.924436 0.075204 0.000359
0.902663 0.097327 0.000010
0.959662 0.040328 0.000010
0.909507 0.090072 0.000421
0.909460 0.086463 0.004077
0.906003 0.092367 0.001631
0.912446 0.080953 0.006601
0.890970 0.109020 0.000010
0.925664 0.070942 0.003394
0.915365 0.084063 0.000572
0.913760 0.086230 0.000010
0.941516 0.058474 0.000010
0.929432 0.069840 0.000728
0.889271 0.110719 0.000010
0.898113 0.101877 0.000010
0.913866 0.080200 0.005935
0.925127 0.074863 0.000010
0.898027 0.096594 0.005379
0.911207 0.088783 0.000010
0.913711 0.086279 0.000010
0.907976 0.089740 0.002284
0.935505 0.059837 0.004658
0.912724 0.083055 0.004220
0.940973 0.059017 0.000010
0.914609 0.085381 0.000010
0.913431 0.086559 0.000010
0.930749 0.069241 0.000010
0.912534 0.087456 0.000010
0.867889 0.132101 0.000010
0.915954 0.078725 0.005321
0.910807 0.085178 0.004016
0.936185 0.063805 0.000010
0.895159 0.104831 0.000010
0.911132 0.087351 0.001518
0.939740 0.060250 0.000010
0.931664 0.066222 0.002113
0.902777 0.097213 0.000010
0.934755 0.065235 0.000010
0.927309 0.070959 0.001733
0.921842 0.078148 0.000010
0.093822 0.832016 0.074162
0.084884 0.830968 0.084148
0.103802 0.816955 0.079243
0.097068 0.825209 0.077724
0.108017 0.811844 0.080139
0.091166 0.840011 0.068823
0.105790 0.819962 0.074248
0.093845 0.825907 0.080248
0.079494 0.843796 0.076710
0.086752 0.831636 0.081612
0.092264 0.904426 0.003310
0.128659 0.864495 0.006846
0.107613 0.885735 0.006652
0.106155 0.893835 0.000010
0.124242 0.875748 0.000010
0.162415 0.834154 0.003430
0.119899 0.872049 0.008052
0.108762 0.891228 0.000010
0.101304 0.892361 0.006335
0.123958 0.871551 0.004491
0.109148 0.890842 0.000010
0.102069 0.890039 0.007891
0.131383 0.858445 0.010172
0.111688 0.883017 0.005294
0.103102 0.891950 0.004948
0.096256 0.893742 0.010002
0.108714 0.880056 0.011230
0.108394 0.888223 0.003383
0.121753 0.871385 0.006862
0.119457 0.877800 0.002743
0.126560 0.862447 0.010993
0.108957 0.891033 0.000010
0.121378 0.877340 0.001282
0.117215 0.869076 0.013709
0.109352 0.886759 0.003889
0.081549 0.917975 0.000476
0.103254 0.890000 0.006746
0.114559 0.878275 0.007166
0.110433 0.877347 0.012220
0.081061 0.918599 0.000341
0.108009 0.887518 0.004472
0.100902 0.899088 0.000010
0.096589 0.899666 0.003745
0.119913 0.871907 0.008180
0.790582 0.209408 0.000010
0.740134 0.256491 0.003374
0.790019 0.209971 0.000010
0.770659 0.229331 0.000010
0.766908 0.233082 0.000010
0.728202 0.271788 0.000010
0.766053 0.229509 0.004438
0.767583 0.230436 0.001981
0.745116 0.254874 0.000010
0.746979 0.251957 0.001063
0.768963 0.229835 0.001202
0.760919 0.239071 0.000010
0.745702 0.252741 0.001557
0.734717 0.265273 0.000010
0.775978 0.224012 0.000010
0.798386 0.198927 0.002688
0.760177 0.239813 0.000010
0.858633 0.126775 0.014592
0.879421 0.110851 0.009729
0.860521 0.134180 0.005299
0.871099 0.123364 0.005537
0.851617 0.132105 0.016278
0.888866 0.094699 0.016435
0.870119 0.129871 0.000010
0.871044 0.114724 0.014232
0.874314 0.119653 0.006033
0.871156 0.119114 0.009730
0.864358 0.121109 0.014534
0.884675 0.107529 0.007797
0.872209 0.105806 0.021985
0.892978 0.094309 0.012713
0.864668 0.126055 0.009278
0.896421 0.095751 0.007828
0.844413 0.140820 0.014767
0.875391 0.109258 0.015351
0.889281 0.095063 0.015656
0.911949 0.083705 0.004346
0.862917 0.117860 0.019224
0.854321 0.134134 0.011544
0.848262 0.141276 0.010462
0.876351 0.106197 0.017452
0.873259 0.113891 0.012850
0.855315 0.138210 0.006475
0.886017 0.098558 0.015426
0.851739 0.134729 0.013532
0.861300 0.125712 0.012988
0.877991 0.109277 0.012732
0.889983 0.094318 0.015698
0.880089 0.115928 0.003983
0.886041 0.094683 0.019276
0.846939 0.141936 0.011125
0.872983 0.114635 0.012383
0.854607 0.135755 0.009638
0.869882 0.117574 0.012544
0.843220 0.143933 0.012847
0.905764 0.088943 0.005293
0.836383 0.149993 0.013624
0.882054 0.114210 0.003736
0.859287 0.129389 0.011324
0.852593 0.134210 0.013197
0.886964 0.098310 0.014726
0.861118 0.132921 0.005961
0.836399 0.150755 0.012846
0.855068 0.128081 0.016851
0.905204 0.084977 0.009819
0.881327 0.102670 0.016003
0.895523 0.090286 0.014191
0.727110 0.272110 0.000781
0.720726 0.279264 0.000010
0.693482 0.299138 0.007380
0.736000 0.254193 0.009808
0.729842 0.270148 0.000010
0.705440 0.290449 0.004111
0.733413 0.260571 0.006016
0.716197 0.277570 0.006233
0.730140 0.261798 0.008062
0.709892 0.288082 0.002026
0.731944 0.259279 0.008778
0.765242 0.226038 0.008720
0.722645 0.275540 0.001815
0.716408 0.282073 0.001520
0.926802 0.067111 0.006087
0.929646 0.064235 0.006119
0.931952 0.062452 0.005595
0.917617 0.071338 0.011044
0.924429 0.071032 0.004539
0.909735 0.088462 0.001803
0.890968 0.109022 0.000010
0.919653 0.077585 0.002762
0.903582 0.088269 0.008148
0.908741 0.091249 0.000010
0.911432 0.087856 0.000712
0.914380 0.074845 0.010774
0.092297 0.722983 0.184720
0.083769 0.728240 0.187990
0.103605 0.701462 0.194933
0.094636 0.714641 0.190722
0.809083 0.190907 0.000010
0.783995 0.213993 0.002012
0.822573 0.172782 0.004644
0.788915 0.208278 0.002807
0.811001 0.185296 0.003703
0.796199 0.203791 0.000010
0.808976 0.189276 0.001748
0.817109 0.181520 0.001372
0.786371 0.210513 0.003116
0.799040 0.200242 0.000718
0.771547 0.226027 0.002426
0.789538 0.203947 0.006515
0.826889 0.173101 0.000010
0.805292 0.191999 0.002710
0.805397 0.194593 0.000010
0.811682 0.176537 0.011781
0.807286 0.192704 0.000010
0.818399 0.177499 0.004102
0.822023 0.170147 0.007830
0.803818 0.189855 0.006327
0.805774 0.194216 0.000010
0.802792 0.197198 0.000010
0.803085 0.192953 0.003962
0.805678 0.190710 0.003612
0.838990 0.158635 0.002374
0.846919 0.150666 0.002415
0.826419 0.169536 0.004045
0.797585 0.192711 0.009704
0.818083 0.179362 0.002556
0.797721 0.202269 0.000010
0.814282 0.185708 0.000010
0.815423 0.178932 0.005645
0.708784 0.223418 0.067798
0.673208 0.268137 0.058655
0.706676 0.229286 0.064037
0.702358 0.235538 0.062104
0.696470 0.241597 0.061933
0.690678 0.242082 0.067240
0.690797 0.246046 0.063156
0.676398 0.250721 0.072880
0.716536 0.215063 0.068401
0.691509 0.249883 0.058608
0.000010 0.970132 0.029858
0.000010 0.972068 0.027922
0.000010 0.974908 0.025082
0.000010 0.972243 0.027747
0.000010 0.975308 0.024682
0.000010 0.972779 0.027211
0.000010 0.973396 0.026594
0.000010 0.970648 0.029342
0.000010 0.970299 0.029691
0.578289 0.330726 0.090985
0.608065 0.294204 0.097731
0.581207 0.311522 0.107271
0.554393 0.338547 0.107060
0.570555 0.327017 0.102427
0.589607 0.313178 0.097216
0.587666 0.314739 0.097595
0.585872 0.315369 0.098758
0.589462 0.312458 0.098080
0.595313 0.312271 0.092417
0.585620 0.311599 0.102781
0.581450 0.326767 0.091784
0.576546 0.315031 0.108423
0.581811 0.321323 0.096866
0.565897 0.323975 0.110128
0.585496 0.308127 0.106377
0.570909 0.324650 0.104442
0.871158 0.120571 0.008271
0.863870 0.126685 0.009445
0.869025 0.124481 0.006494
0.860546 0.125052 0.014402
0.856958 0.131510 0.011532
0.874909 0.109173 0.015918
0.852122 0.136666 0.011212
0.864664 0.130715 0.004621
0.868843 0.110658 0.020499
0.874257 0.119512 0.006231
0.857941 0.128999 0.013060
0.843667 0.141394 0.014938
0.866529 0.133461 0.000010
0.868550 0.114390 0.017059
0.863393 0.116275 0.020332
0.859142 0.131889 0.008968
0.868589 0.123536 0.007875
0.869735 0.112893 0.017371
0.845122 0.143521 0.011357
0.854722 0.136862 0.008416
0.859526 0.133820 0.006654
0.895074 0.096915 0.008011
0.877507 0.107418 0.015075
0.868541 0.117193 0.014266
0.843142 0.147468 0.009390
0.896321 0.102499 0.001180
0.861699 0.131705 0.006597
0.851974 0.139179 0.008848
0.863308 0.127872 0.008821
0.076897 0.923093 0.000010
0.016559 0.983431 0.000010
0.077512 0.922478 0.000010
0.100705 0.899285 0.000010
0.065116 0.934874 0.000010
0.070852 0.929138 0.000010
0.066590 0.933400 0.000010
0.058728 0.941262 0.000010
0.949478 0.045202 0.005320
0.946996 0.052994 0.000010
0.940359 0.055279 0.004362
0.965625 0.034365 0.000010
0.963518 0.036472 0.000010
0.959724 0.039955 0.000321
0.977375 0.022615 0.000010
0.965710 0.034280 0.000010
0.972114 0.027876 0.000010
0.961468 0.038522 0.000010
0.951208 0.046671 0.002122
0.960316 0.039674 0.000010
0.946334 0.053656 0.000010
0.945887 0.054103 0.000010
0.950612 0.049378 0.000010
0.962755 0.037235 0.000010
0.941265 0.058725 0.000010
0.961267 0.038723 0.000010
0.981738 0.018252 0.000010
0.931315 0.068675 0.000010
0.948004 0.047081 0.004915
0.957150 0.042840 0.000010
0.950682 0.049308 0.000010
0.956637 0.043353 0.000010
0.947825 0.052165 0.000010
0.966352 0.033638 0.000010
0.000010 0.953363 0.046627
0.000010 0.970722 0.029268
0.004354 0.956229 0.039417
0.000010 0.968847 0.031143
0.004478 0.967086 0.028436
0.000010 0.963936 0.036054
0.000010 0.960289 0.039701
0.545809 0.288115 0.166076
0.535622 0.284505 0.179873
0.529999 0.304262 0.165739
0.534120 0.296878 0.169002
0.535989 0.292587 0.171424
0.548033 0.273011 0.178956
0.570519 0.263302 0.166179
0.535942 0.287016 0.177041
0.541470 0.292051 0.166479
0.548598 0.279845 0.171557
0.567200 0.269479 0.163322
0.521119 0.307150 0.171731
0.556899 0.276959 0.166142
0.561187 0.272232 0.166581
0.560009 0.263754 0.176237
0.571559 0.256019 0.172422
0.580281 0.242611 0.177108
0.530685 0.297238 0.172077
0.545979 0.277936 0.176085
0.547776 0.277819 0.174405
0.524084 0.300937 0.174978
0.546012 0.277864 0.176124
0.542877 0.285136 0.171986
0.546522 0.286851 0.166627
0.540623 0.281736 0.177640
0.595092 0.232374 0.172534
0.500359 0.352324 0.147317
0.484234 0.366053 0.149713
0.482314 0.366878 0.150808
0.478095 0.379636 0.142269
0.477641 0.377112 0.145246
0.509996 0.333638 0.156366
0.501563 0.356141 0.142296
0.505662 0.340468 0.153870
0.485589 0.360042 0.154369
0.497958 0.369675 0.132367
0.479970 0.367872 0.152158
0.497430 0.352245 0.150325
0.489627 0.363445 0.146929
0.128478 0.861537 0.009985
0.106128 0.887301 0.006571
0.107985 0.884693 0.007322
0.115744 0.869979 0.014277
0.124378 0.875612 0.000010
0.154571 0.833852 0.011577
0.138481 0.843968 0.017552
0.097874 0.886689 0.015437
0.982921 0.017069 0.000010
0.988718 0.011272 0.000010
0.976317 0.023673 0.000010
0.999980 0.000010 0.000010
0.981455 0.018535 0.000010
0.990414 0.009576 0.000010
0.984152 0.015838 0.000010
0.999980 0.000010 0.000010
0.999980 0.000010 0.000010
0.993908 0.006082 0.000010
0.999980 0.000010 0.000010
0.999980 0.000010 0.000010
0.999980 0.000010 0.000010
0.995918 0.004072 0.000010
0.999980 0.000010 0.000010
0.999980 0.000010 0.000010
0.999980 0.000010 0.000010
0.999980 0.000010 0.000010
0.998964 0.001026 0.000010
0.999980 0.000010 0.000010
0.995581 0.004409 0.000010
0.999980 0.000010 0.000010
0.999980 0.000010 0.000010
0.999980 0.000010 0.000010
0.999980 0.000010 0.000010
0.999980 0.000010 0.000010
0.999318 0.000010 0.000672
0.999980 0.000010 0.000010
0.999980 0.000010 0.000010
0.999980 0.000010 0.000010
0.999417 0.000010 0.000573
0.996342 0.000010 0.003648
0.999980 0.000010 0.000010
0.024300 0.811827 0.163873
0.046517 0.804972 0.148511
0.024067 0.811565 0.164368
0.000010 0.838992 0.160998
0.000010 0.961447 0.038543
0.000010 0.959333 0.040657
0.000010 0.962089 0.037901
0.000010 0.963928 0.036062
0.000010 0.955365 0.044625
0.901997 0.097993 0.000010
0.900741 0.099249 0.000010
0.909988 0.090002 0.000010
0.925484 0.074506 0.000010
0.896373 0.103617 0.000010
0.897132 0.093171 0.009697
0.000011 0.000010 0.999979
0.000010 0.000010 0.999980
0.000010 0.000010 0.999980
0.000010 0.000010 0.999980
0.000010 0.000010 0.999980
0.000010 0.000010 0.999980
0.107279 0.110859 0.781861
0.000010 0.000010 0.999980
0.360048 0.177820 0.462132
0.000010 0.000010 0.999980
