0.143836 0.000681 0.068890 0.608340 0.125327 0.052925
0.159381 0.000010 0.060050 0.601384 0.137739 0.041436
0.132602 0.000010 0.075873 0.610707 0.107820 0.072988
0.117092 0.000010 0.046562 0.636568 0.122609 0.077159
0.126758 0.000010 0.071753 0.590866 0.138715 0.071898
0.124656 0.000010 0.081257 0.607305 0.115683 0.071088
0.103056 0.000010 0.092175 0.603607 0.147420 0.053731
0.158242 0.000998 0.050781 0.575401 0.135320 0.079259
0.141163 0.000010 0.060724 0.613211 0.136383 0.048510
0.143944 0.004351 0.047922 0.575957 0.155820 0.072006
0.036790 0.002859 0.003973 0.597267 0.359101 0.000010
0.043637 0.000010 0.013246 0.564846 0.349909 0.028352
0.006782 0.000010 0.000010 0.621393 0.336817 0.034988
0.021511 0.000010 0.019226 0.569486 0.347133 0.042633
0.032738 0.002971 0.007842 0.601812 0.327591 0.027045
0.054237 0.002173 0.001459 0.584934 0.339134 0.018064
0.023926 0.005493 0.007004 0.599555 0.325288 0.038735
0.063673 0.000010 0.009353 0.515460 0.382225 0.029278
0.010407 0.004304 0.022297 0.615332 0.342610 0.005051
0.031068 0.000010 0.004194 0.594868 0.339462 0.030398
0.041603 0.000010 0.000010 0.562017 0.356039 0.040322
0.024926 0.001031 0.000010 0.614873 0.354353 0.004807
0.000010 0.000010 0.019414 0.571947 0.356713 0.051906
0.065713 0.000010 0.002387 0.566127 0.322713 0.043051
0.054493 0.000010 0.003394 0.561354 0.345627 0.035122
0.041297 0.007369 0.000010 0.622134 0.315517 0.013673
0.042823 0.000010 0.000010 0.586031 0.353810 0.017315
0.013947 0.001928 0.034978 0.546409 0.355321 0.047417
0.056433 0.000010 0.000010 0.564607 0.357855 0.021085
0.034362 0.000010 0.014489 0.583121 0.353538 0.014480
0.052777 0.000905 0.000010 0.567357 0.347121 0.031830
0.032746 0.004932 0.000010 0.559731 0.384817 0.017764
0.049792 0.003797 0.000010 0.589347 0.342621 0.014432
0.012185 0.000010 0.000010 0.590076 0.356460 0.041259
0.045596 0.000010 0.003344 0.574338 0.354791 0.021921
0.037326 0.000010 0.012530 0.586543 0.347041 0.016550
0.037846 0.000010 0.000010 0.591793 0.338970 0.031371
0.050699 0.000010 0.000010 0.576420 0.352735 0.020126
0.057298 0.000010 0.035941 0.567705 0.318847 0.020200
0.030017 0.004592 0.004218 0.562656 0.367231 0.031286
0.048125 0.007258 0.004043 0.562357 0.377835 0.000383
0.041026 0.000010 0.000010 0.559738 0.389456 0.009760
0.055630 0.000010 0.002987 0.563385 0.335074 0.042915
0.038087 0.001483 0.009434 0.586085 0.337746 0.027166
0.019159 0.000010 0.002891 0.596774 0.371342 0.009824
0.010473 0.002057 0.013401 0.566007 0.382334 0.025728
0.065709 0.000010 0.000010 0.580565 0.333955 0.019750
0.037995 0.000010 0.000010 0.588371 0.349951 0.023663
0.010701 0.000496 0.019330 0.581785 0.367876 0.019811
0.043015 0.000010 0.003236 0.588314 0.359902 0.005523
0.856367 0.081729 0.061874 0.000010 0.000010 0.000010
0.859972 0.091908 0.048090 0.000010 0.000010 0.000010
0.866143 0.086515 0.035860 0.011461 0.000010 0.000010
0.886447 0.086446 0.027076 0.000010 0.000010 0.000010
0.854615 0.085907 0.042488 0.000010 0.000010 0.016970
0.902048 0.077590 0.020332 0.000010 0.000010 0.000010
0.885746 0.085171 0.024646 0.004416 0.000010 0.000010
0.836146 0.084519 0.062200 0.000010 0.000010 0.017115
0.843008 0.082824 0.074138 0.000010 0.000010 0.000010
0.833891 0.088072 0.078008 0.000010 0.000010 0.000010
0.836042 0.004291 0.159273 0.000010 0.000010 0.000374
0.802260 0.007156 0.148627 0.029904 0.012043 0.000010
0.820926 0.009110 0.145836 0.000010 0.013541 0.010576
0.836142 0.000010 0.141837 0.000010 0.021991 0.000010
0.824023 0.000010 0.140953 0.000010 0.034994 0.000010
0.771420 0.006389 0.139906 0.067054 0.001800 0.013431
0.820674 0.013252 0.137933 0.002038 0.026094 0.000010
0.828964 0.002224 0.153835 0.000010 0.014956 0.000010
0.850821 0.008046 0.136705 0.000010 0.004408 0.000010
0.822093 0.006502 0.141012 0.008499 0.021883 0.000010
0.857157 0.003762 0.128918 0.000010 0.010142 0.000010
0.827525 0.009146 0.160547 0.002762 0.000010 0.000010
0.825684 0.011905 0.129924 0.032115 0.000361 0.000010
0.785957 0.006157 0.184910 0.000010 0.022956 0.000010
0.839424 0.009286 0.144887 0.002076 0.000010 0.004316
0.859599 0.014914 0.125457 0.000010 0.000010 0.000010
0.857838 0.015866 0.125989 0.000010 0.000288 0.000010
0.815081 0.007034 0.163667 0.000010 0.014199 0.000010
0.835797 0.009696 0.128468 0.001870 0.024159 0.000010
0.825113 0.005744 0.148258 0.000804 0.000010 0.020072
0.800713 0.014068 0.147298 0.014339 0.017331 0.006251
0.826832 0.000033 0.143062 0.000010 0.030053 0.000010
0.829619 0.005106 0.141459 0.000010 0.023797 0.000010
0.808923 0.014159 0.143952 0.000010 0.032946 0.000010
0.821057 0.009668 0.150740 0.011741 0.006783 0.000010
0.827854 0.003086 0.169029 0.000010 0.000010 0.000010
0.810510 0.009626 0.174227 0.005617 0.000010 0.000010
0.847661 0.009288 0.135370 0.007662 0.000010 0.000010
0.825016 0.016320 0.149865 0.008778 0.000010 0.000010
0.848494 0.002786 0.148690 0.000010 0.000010 0.000010
0.836974 0.008027 0.139335 0.000010 0.015644 0.000010
0.844443 0.000010 0.144850 0.000010 0.010678 0.000010
0.848654 0.006878 0.144438 0.000010 0.000010 0.000010
0.840817 0.009709 0.124698 0.000010 0.000010 0.024755
0.096739 0.000010 0.057027 0.605612 0.183536 0.057077
0.121522 0.000010 0.076042 0.560053 0.162613 0.079761
0.088791 0.000010 0.061559 0.577762 0.202999 0.068880
0.101370 0.000010 0.070905 0.532647 0.224861 0.070207
0.091133 0.000010 0.080516 0.556051 0.199581 0.072709
0.134281 0.000010 0.084608 0.537250 0.176782 0.067069
0.078870 0.000010 0.091739 0.565526 0.192131 0.071724
0.081911 0.000010 0.084697 0.571504 0.190087 0.071791
0.141159 0.000010 0.057958 0.540669 0.185345 0.074859
0.120452 0.000010 0.079693 0.575400 0.161443 0.063002
0.090078 0.000010 0.076996 0.588433 0.174364 0.070120
0.091791 0.000010 0.092875 0.592515 0.164631 0.058177
0.117519 0.000010 0.078397 0.601962 0.141216 0.060896
0.128230 0.000010 0.081106 0.495452 0.219284 0.075917
0.124593 0.000010 0.046925 0.589898 0.183979 0.054595
0.095536 0.000010 0.052345 0.575911 0.224322 0.051876
0.121427 0.000010 0.067464 0.580555 0.174937 0.055607
0.040749 0.006690 0.000010 0.857881 0.008437 0.086233
0.031932 0.003912 0.000010 0.883554 0.015890 0.064703
0.013861 0.000369 0.017600 0.872773 0.002982 0.092415
0.019264 0.000010 0.000010 0.863793 0.006441 0.110482
0.024365 0.008739 0.008809 0.862683 0.000010 0.095393
0.024028 0.008587 0.000010 0.865130 0.027178 0.075067
0.004736 0.000010 0.011882 0.900727 0.000010 0.082635
0.029551 0.007406 0.000010 0.857215 0.023430 0.082388
0.036388 0.000535 0.005471 0.887381 0.002438 0.067787
0.033135 0.006124 0.000010 0.888229 0.013489 0.059013
0.015052 0.008529 0.009070 0.889328 0.000010 0.078010
0.035928 0.000010 0.000010 0.871583 0.015418 0.077050
0.000010 0.012699 0.004181 0.868263 0.026605 0.088243
0.000010 0.004047 0.000010 0.844170 0.053004 0.098760
0.021572 0.001515 0.009342 0.879030 0.005198 0.083343
0.011294 0.002115 0.000010 0.888788 0.031597 0.066196
0.042719 0.007262 0.012115 0.847492 0.000930 0.089482
0.000010 0.007732 0.002029 0.876754 0.022514 0.090960
0.004911 0.007418 0.000010 0.874118 0.031747 0.081796
0.000010 0.000010 0.000010 0.893232 0.028024 0.078713
0.026001 0.011609 0.000010 0.848142 0.016375 0.097862
0.044246 0.002380 0.005770 0.838628 0.022693 0.086282
0.032454 0.004799 0.018267 0.892312 0.000010 0.052159
0.001236 0.011087 0.000010 0.912782 0.000010 0.074875
0.016217 0.004474 0.000010 0.908765 0.000010 0.070524
0.025229 0.001672 0.002486 0.882121 0.000010 0.088481
0.000010 0.008223 0.006109 0.909644 0.000010 0.076004
0.024910 0.003785 0.002884 0.868056 0.000010 0.100355
0.016901 0.003664 0.000010 0.884798 0.000010 0.094617
0.018253 0.006978 0.000010 0.882818 0.013270 0.078672
0.022295 0.003653 0.000010 0.849969 0.027550 0.096523
0.010550 0.000010 0.000010 0.865894 0.024361 0.099174
0.000010 0.011033 0.000046 0.853173 0.029701 0.106038
0.022338 0.001672 0.014591 0.882473 0.000010 0.078916
0.020588 0.006249 0.003388 0.866652 0.021688 0.081435
0.041665 0.001734 0.000010 0.847511 0.019521 0.089559
0.028481 0.006347 0.002121 0.844338 0.018410 0.100303
0.060385 0.005510 0.000010 0.823625 0.034187 0.076283
0.008939 0.000010 0.000010 0.909247 0.015103 0.066691
0.033099 0.006983 0.035697 0.838459 0.020244 0.065517
0.000010 0.000010 0.013743 0.876188 0.022832 0.087217
0.046939 0.005652 0.000377 0.859388 0.002601 0.085043
0.000010 0.001383 0.032341 0.876785 0.000010 0.089471
0.011343 0.008861 0.000010 0.896048 0.013284 0.070455
0.013023 0.000010 0.016834 0.858675 0.009390 0.102068
0.027352 0.002439 0.022688 0.829321 0.012129 0.106071
0.024156 0.007666 0.021944 0.877148 0.000010 0.069074
0.000010 0.000010 0.000010 0.912565 0.003525 0.083880
0.014466 0.007868 0.000010 0.867052 0.032068 0.078536
0.000010 0.003117 0.000010 0.917324 0.000010 0.079530
0.148031 0.000010 0.065156 0.534597 0.159256 0.092950
0.126097 0.000010 0.098778 0.516096 0.177377 0.081642
0.167427 0.000010 0.075506 0.567919 0.091426 0.097713
0.153098 0.003824 0.050079 0.577398 0.142090 0.073512
0.157604 0.000010 0.061535 0.602319 0.116121 0.062412
0.136865 0.000010 0.090710 0.570964 0.103501 0.097950
0.141767 0.000010 0.060966 0.528548 0.166290 0.102419
0.150938 0.000010 0.065446 0.582983 0.107868 0.092754
0.140819 0.000618 0.069998 0.530243 0.175067 0.083256
0.144763 0.000010 0.074358 0.553738 0.113971 0.113160
0.133031 0.000828 0.072098 0.587880 0.130739 0.075425
0.119955 0.000010 0.049267 0.549034 0.184277 0.097458
0.146471 0.000010 0.075813 0.598791 0.108635 0.070281
0.179809 0.000010 0.058254 0.539308 0.160588 0.062032
0.003803 0.003401 0.000010 0.714937 0.227244 0.050605
0.000010 0.002061 0.006329 0.737493 0.215504 0.038603
0.003719 0.003068 0.000010 0.769801 0.190428 0.032974
0.000010 0.008115 0.006063 0.749386 0.201785 0.034642
0.014087 0.002073 0.000010 0.765762 0.193188 0.024879
0.000010 0.000010 0.016396 0.740613 0.193776 0.049195
0.028913 0.000010 0.015468 0.731246 0.178909 0.045454
0.000010 0.000010 0.000010 0.738764 0.201097 0.060109
0.027805 0.003974 0.000010 0.700667 0.220331 0.047212
0.025155 0.000010 0.001743 0.754595 0.186424 0.032073
0.016100 0.000010 0.002361 0.714839 0.215164 0.051526
0.012712 0.008094 0.000558 0.697389 0.232192 0.049056
0.263559 0.171017 0.480788 0.079469 0.005156 0.000010
0.231252 0.171027 0.508590 0.050329 0.023537 0.015263
0.219846 0.178194 0.494080 0.065969 0.027576 0.014335
0.252940 0.174660 0.473845 0.067416 0.002616 0.028523
0.081787 0.000010 0.067464 0.510694 0.297090 0.042955
0.110571 0.000010 0.061645 0.488260 0.282280 0.057234
0.074213 0.000870 0.050500 0.545778 0.271098 0.057540
0.077077 0.000010 0.085567 0.526650 0.262823 0.047874
0.094584 0.000010 0.045309 0.496826 0.301241 0.062029
0.079228 0.000010 0.069872 0.519795 0.260144 0.070950
0.098155 0.000010 0.051804 0.524574 0.277481 0.047975
0.092695 0.000010 0.053678 0.513908 0.304593 0.035116
0.125589 0.000010 0.039187 0.461953 0.290320 0.082940
0.091470 0.000010 0.069160 0.512936 0.283586 0.042838
0.125999 0.000819 0.067878 0.483928 0.283126 0.038249
0.129296 0.006219 0.043410 0.541865 0.256822 0.022389
0.071250 0.000010 0.055215 0.556985 0.273316 0.043224
0.107148 0.001111 0.045336 0.533762 0.267319 0.045324
0.074436 0.000010 0.069762 0.519107 0.280811 0.055874
0.061744 0.005419 0.065667 0.534119 0.271658 0.061393
0.072016 0.000010 0.069216 0.525076 0.277456 0.056226
0.091596 0.001532 0.043878 0.538940 0.278932 0.045123
0.088877 0.002284 0.031780 0.522259 0.284476 0.070324
0.114182 0.003545 0.033933 0.550877 0.243597 0.053866
0.116097 0.000010 0.044145 0.538667 0.272028 0.029053
0.083155 0.000010 0.067893 0.553042 0.253232 0.042669
0.067970 0.001204 0.082969 0.525237 0.286043 0.036576
0.087439 0.000010 0.052902 0.520558 0.276776 0.062316
0.069055 0.000010 0.049923 0.545858 0.295813 0.039341
0.054589 0.000010 0.054103 0.549297 0.308857 0.033143
0.072461 0.000234 0.049871 0.566774 0.261122 0.049538
0.087512 0.004810 0.059800 0.505090 0.278633 0.064155
0.116560 0.000010 0.020235 0.511143 0.290246 0.061806
0.096632 0.000010 0.057938 0.487812 0.290164 0.067444
0.081733 0.000010 0.047568 0.531185 0.269134 0.070370
0.087096 0.001656 0.045581 0.517158 0.287084 0.061424
0.066321 0.029537 0.006701 0.511283 0.023399 0.362759
0.065211 0.017658 0.049350 0.419980 0.045631 0.402169
0.083966 0.027406 0.001122 0.470948 0.051701 0.364857
0.044142 0.017850 0.037831 0.470020 0.040884 0.389273
0.081068 0.025455 0.001235 0.486768 0.024516 0.380958
0.038552 0.025490 0.042045 0.487538 0.014417 0.391958
0.062773 0.021638 0.042122 0.462376 0.025242 0.385849
0.073650 0.028916 0.025610 0.437275 0.045727 0.388822
0.066718 0.032741 0.011342 0.508945 0.010661 0.369593
0.071890 0.020643 0.028236 0.500248 0.011323 0.367660
0.000010 0.000014 0.999946 0.000010 0.000010 0.000010
0.000010 0.000010 0.999950 0.000010 0.000010 0.000010
0.000010 0.000010 0.999950 0.000010 0.000010 0.000010
0.000010 0.000010 0.999950 0.000010 0.000010 0.000010
0.000010 0.000010 0.999950 0.000010 0.000010 0.000010
0.000010 0.000010 0.999950 0.000010 0.000010 0.000010
0.000010 0.000010 0.999950 0.000010 0.000010 0.000010
0.000010 0.000667 0.999293 0.000010 0.000010 0.000010
0.000010 0.000010 0.999950 0.000010 0.000010 0.000010
0.000010 0.000010 0.000010 0.000010 0.000010 0.999950
0.000010 0.000010 0.000010 0.000010 0.000010 0.999950
0.000010 0.000010 0.000010 0.000010 0.000010 0.999950
0.000010 0.000010 0.000010 0.000010 0.000010 0.999950
0.000010 0.000010 0.000010 0.000010 0.000010 0.999950
0.000010 0.000010 0.000010 0.000010 0.000010 0.999950
0.000010 0.000010 0.000010 0.000010 0.000010 0.999950
0.000010 0.000010 0.000010 0.000010 0.000010 0.999950
0.000010 0.000010 0.000010 0.000010 0.000010 0.999950
0.000010 0.000010 0.000010 0.000010 0.000010 0.999950
0.000010 0.000010 0.000010 0.000010 0.000010 0.999950
0.000010 0.000010 0.000010 0.000010 0.000010 0.999950
0.000010 0.000010 0.000010 0.000010 0.000010 0.999950
0.000010 0.000010 0.000010 0.000010 0.000010 0.999950
0.000010 0.004007 0.000010 0.000010 0.000010 0.995953
0.000010 0.000010 0.000010 0.000010 0.000010 0.999950
0.000010 0.000010 0.000010 0.000010 0.000010 0.999950
0.033380 0.001120 0.009457 0.775089 0.122843 0.058111
0.031963 0.003707 0.016574 0.794497 0.097184 0.056075
0.035006 0.003623 0.016379 0.757511 0.127401 0.060080
0.052806 0.009484 0.001858 0.710759 0.163435 0.061658
0.041376 0.005595 0.011416 0.736348 0.122260 0.083005
0.022990 0.010064 0.009139 0.747332 0.141138 0.069337
0.035904 0.003602 0.024564 0.710842 0.149247 0.075842
0.032500 0.000010 0.013301 0.717631 0.143161 0.093397
0.033092 0.013240 0.000010 0.770207 0.110593 0.072858
0.014791 0.000470 0.021662 0.747962 0.128279 0.086836
0.031518 0.007889 0.022978 0.754785 0.121828 0.061003
0.068920 0.011696 0.004134 0.712933 0.139141 0.063176
0.025531 0.000010 0.037407 0.764310 0.127736 0.045005
0.017100 0.008612 0.008498 0.732698 0.136262 0.096830
0.001964 0.013958 0.026968 0.711433 0.157261 0.088416
0.036282 0.000564 0.023309 0.714775 0.143662 0.081409
0.043235 0.003574 0.006292 0.745336 0.141592 0.059972
0.010394 0.008957 0.018326 0.768960 0.120859 0.072505
0.049973 0.006399 0.025041 0.730616 0.132645 0.055327
0.033487 0.003981 0.029646 0.764046 0.115372 0.053468
0.042916 0.001904 0.018109 0.749107 0.129179 0.058785
0.026496 0.000821 0.000010 0.750898 0.145380 0.076395
0.019195 0.009622 0.011088 0.764252 0.130301 0.065543
0.014745 0.009395 0.028196 0.765751 0.131136 0.050776
0.037565 0.002821 0.036404 0.751946 0.110078 0.061187
0.012170 0.000010 0.017254 0.705844 0.193346 0.071376
0.051803 0.003443 0.006213 0.708742 0.150576 0.079223
0.076225 0.005369 0.000010 0.714376 0.137414 0.066605
0.012093 0.000530 0.034877 0.722966 0.138565 0.090970
0.999950 0.000010 0.000010 0.000010 0.000010 0.000010
0.999950 0.000010 0.000010 0.000010 0.000010 0.000010
0.999950 0.000010 0.000010 0.000010 0.000010 0.000010
0.999950 0.000010 0.000010 0.000010 0.000010 0.000010
0.999948 0.000010 0.000012 0.000010 0.000010 0.000010
0.999950 0.000010 0.000010 0.000010 0.000010 0.000010
0.999950 0.000010 0.000010 0.000010 0.000010 0.000010
0.999950 0.000010 0.000010 0.000010 0.000010 0.000010
0.000010 0.006722 0.013564 0.535990 0.443704 0.000010
0.020437 0.000010 0.000010 0.576860 0.402673 0.000010
0.012593 0.005989 0.006365 0.568836 0.406207 0.000010
0.000010 0.000010 0.012592 0.567336 0.420041 0.000010
0.000010 0.000010 0.008491 0.556429 0.435051 0.000010
0.000010 0.001878 0.008597 0.574073 0.415431 0.000010
0.000010 0.000010 0.000010 0.551199 0.448761 0.000010
0.000010 0.000010 0.014429 0.563730 0.421811 0.000010
0.000017 0.000010 0.000010 0.556030 0.443923 0.000010
0.000010 0.000010 0.017402 0.581498 0.401070 0.000010
0.000010 0.002886 0.011196 0.575142 0.410756 0.000010
0.000010 0.000010 0.011048 0.553982 0.434940 0.000010
0.000010 0.000010 0.030865 0.505868 0.463237 0.000010
0.002020 0.000010 0.016773 0.575955 0.405232 0.000010
0.000010 0.000011 0.018285 0.568962 0.412723 0.000010
0.000010 0.000010 0.027116 0.545142 0.427712 0.000010
0.000010 0.000546 0.041664 0.515700 0.442071 0.000010
0.000123 0.000310 0.003657 0.557977 0.437923 0.000010
0.000010 0.000010 0.006394 0.559162 0.434414 0.000010
0.015988 0.000010 0.020108 0.539610 0.424274 0.000010
0.000010 0.004352 0.031607 0.550164 0.413856 0.000010
0.000010 0.000010 0.009130 0.584318 0.406521 0.000010
0.001730 0.000010 0.012459 0.535567 0.450225 0.000010
0.000010 0.000010 0.007354 0.555307 0.437310 0.000010
0.000010 0.001794 0.012502 0.575663 0.410021 0.000010
0.000010 0.000010 0.000010 0.575132 0.424828 0.000010
0.093325 0.020894 0.885751 0.000010 0.000010 0.000010
0.101523 0.004378 0.894069 0.000010 0.000010 0.000010
0.085902 0.008445 0.905624 0.000010 0.000010 0.000010
0.096012 0.000010 0.903948 0.000010 0.000010 0.000010
0.128298 0.002135 0.865418 0.000010 0.000010 0.004129
0.122377 0.006075 0.871517 0.000010 0.000010 0.000010
0.088759 0.009746 0.898618 0.000010 0.002858 0.000010
0.223669 0.157630 0.018271 0.413862 0.062954 0.123614
0.197620 0.165295 0.031742 0.427939 0.035763 0.141641
0.242536 0.155473 0.020153 0.469087 0.004448 0.108304
0.230082 0.156801 0.013493 0.434231 0.030396 0.134997
0.197892 0.155096 0.036505 0.431070 0.018639 0.160798
0.199661 0.166070 0.021066 0.427943 0.048978 0.136282
0.205673 0.154276 0.000010 0.458169 0.043482 0.138390
0.230474 0.167717 0.020504 0.431772 0.041402 0.108131
0.225780 0.154400 0.010263 0.421284 0.045392 0.142880
0.224790 0.159979 0.001466 0.438997 0.040907 0.133861
0.214073 0.151121 0.004328 0.438648 0.054577 0.137254
0.241064 0.157228 0.019728 0.391072 0.040525 0.150383
0.206739 0.153596 0.010737 0.433871 0.056512 0.138545
0.211272 0.156920 0.021111 0.456680 0.048812 0.105205
0.180271 0.162771 0.022569 0.470275 0.024072 0.140041
0.178628 0.158563 0.019653 0.408796 0.094573 0.139787
0.183029 0.164280 0.001074 0.461958 0.048585 0.141074
0.244938 0.159707 0.012612 0.419811 0.035991 0.126940
0.212413 0.163009 0.010455 0.403093 0.065774 0.145256
0.246857 0.161545 0.000010 0.412510 0.047142 0.131936
0.252455 0.161583 0.000010 0.422652 0.013382 0.149919
0.234388 0.162781 0.000010 0.439658 0.023678 0.139485
0.208254 0.155501 0.006195 0.420747 0.034203 0.175100
0.225700 0.153333 0.010069 0.423681 0.048248 0.138969
0.209645 0.166917 0.029961 0.437619 0.041763 0.114095
0.173920 0.157581 0.000010 0.425327 0.083796 0.159365
0.305544 0.140321 0.025883 0.422494 0.025326 0.080432
0.296831 0.144781 0.050582 0.390306 0.045630 0.071869
0.337449 0.141356 0.004374 0.366322 0.034154 0.116345
0.321557 0.137070 0.034505 0.383649 0.043359 0.079861
0.342096 0.136136 0.016179 0.342434 0.053832 0.109324
0.284652 0.147480 0.019488 0.371781 0.072824 0.103776
0.296989 0.136977 0.042033 0.412674 0.039070 0.072257
0.314642 0.147753 0.003336 0.394431 0.041901 0.097937
0.307478 0.146127 0.027135 0.394551 0.024656 0.100053
0.341347 0.128480 0.012204 0.383488 0.063567 0.070915
0.330108 0.145331 0.016575 0.379533 0.044140 0.084313
0.299391 0.140571 0.029886 0.366721 0.065075 0.098356
0.316378 0.140168 0.028384 0.380794 0.044823 0.089453
0.585087 0.003339 0.331327 0.065633 0.000010 0.014604
0.619438 0.000010 0.326380 0.044397 0.000010 0.009764
0.600293 0.000010 0.334862 0.046377 0.007460 0.010999
0.554302 0.004674 0.361596 0.050491 0.000010 0.028928
0.589190 0.000010 0.330861 0.070532 0.000010 0.009398
0.550013 0.001940 0.326874 0.072175 0.010316 0.038682
0.602435 0.012977 0.291674 0.078508 0.000010 0.014396
0.603692 0.009953 0.338414 0.046489 0.001443 0.000010
0.000010 0.000010 0.012682 0.384964 0.602324 0.000010
0.000010 0.000010 0.022663 0.338585 0.638722 0.000010
0.000010 0.000010 0.015344 0.379881 0.604745 0.000010
0.000010 0.000010 0.000010 0.359267 0.640693 0.000010
0.000010 0.000010 0.019759 0.364979 0.615231 0.000010
0.000010 0.000010 0.030863 0.340504 0.628603 0.000010
0.000010 0.000010 0.015939 0.359018 0.625013 0.000010
0.000010 0.000010 0.000010 0.387093 0.612867 0.000010
0.000010 0.000010 0.000010 0.372544 0.627416 0.000010
0.000010 0.000010 0.013113 0.373120 0.613737 0.000010
0.000010 0.000010 0.000010 0.000010 0.999950 0.000010
0.000010 0.000010 0.000010 0.000010 0.999950 0.000010
0.000010 0.000010 0.000010 0.000010 0.999950 0.000010
0.001351 0.000010 0.000010 0.000010 0.998609 0.000010
0.000010 0.000010 0.000010 0.000010 0.999950 0.000010
0.000010 0.000010 0.000010 0.000010 0.999950 0.000010
0.000010 0.000017 0.000010 0.000010 0.999943 0.000010
0.000010 0.000010 0.000010 0.000010 0.999950 0.000010
0.000010 0.000010 0.000010 0.000010 0.999950 0.000010
0.000010 0.000010 0.000010 0.000010 0.999950 0.000010
0.000010 0.000010 0.000010 0.000010 0.999950 0.000010
0.000010 0.000010 0.000010 0.000010 0.999950 0.000010
0.000010 0.000010 0.000010 0.000010 0.999950 0.000010
0.000010 0.000010 0.000010 0.000010 0.999950 0.000010
0.000010 0.000014 0.000010 0.000010 0.999946 0.000010
0.000010 0.000010 0.000010 0.000010 0.999950 0.000010
0.000010 0.000010 0.000010 0.000010 0.999950 0.000010
0.000010 0.000010 0.000010 0.000010 0.999950 0.000010
0.000010 0.000010 0.000010 0.000010 0.999950 0.000010
0.000010 0.000010 0.000010 0.000010 0.999950 0.000010
0.000010 0.000010 0.000010 0.000010 0.999950 0.000010
0.000010 0.000010 0.000010 0.000010 0.999950 0.000010
0.000010 0.000010 0.000010 0.000010 0.999950 0.000010
0.284814 0.148961 0.547962 0.000010 0.018243 0.000010
0.269124 0.131991 0.559493 0.039372 0.000010 0.000010
0.265330 0.147799 0.564951 0.021900 0.000010 0.000010
0.280228 0.143862 0.575880 0.000010 0.000010 0.000010
0.000010 0.000010 0.999950 0.000010 0.000010 0.000010
0.000010 0.000018 0.999942 0.000010 0.000010 0.000010
0.000010 0.000013 0.999947 0.000010 0.000010 0.000010
0.000010 0.000010 0.999950 0.000010 0.000010 0.000010
0.000010 0.000010 0.999950 0.000010 0.000010 0.000010
0.043364 0.000010 0.027016 0.514985 0.414615 0.000010
0.048035 0.000010 0.024829 0.507100 0.420015 0.000010
0.023181 0.000010 0.034521 0.516452 0.425825 0.000010
0.040474 0.000010 0.004585 0.519201 0.435720 0.000010
0.058251 0.000010 0.016657 0.510481 0.414592 0.000010
0.058043 0.011509 0.008547 0.507620 0.414271 0.000010
0.000010 0.999950 0.000010 0.000010 0.000010 0.000010
0.000010 0.999950 0.000010 0.000010 0.000010 0.000010
0.000010 0.999950 0.000010 0.000010 0.000010 0.000010
0.000010 0.999950 0.000010 0.000010 0.000010 0.000010
0.000018 0.999942 0.000010 0.000010 0.000010 0.000010
0.000010 0.999950 0.000010 0.000010 0.000010 0.000010
0.106356 0.780344 0.014721 0.056009 0.031575 0.010995
0.000018 0.999942 0.000010 0.000010 0.000010 0.000010
0.032192 0.418397 0.010669 0.171007 0.000010 0.367725
0.000010 0.999950 0.000010 0.000010 0.000010 0.000010
