0.060775 0.275749 0.000010 0.002044 0.146721 0.039031 0.475670
0.050849 0.272500 0.000010 0.012106 0.160404 0.025357 0.478775
0.066956 0.276297 0.000010 0.000010 0.131312 0.058130 0.467285
0.039536 0.290375 0.000010 0.000010 0.116058 0.061910 0.492101
0.063873 0.290886 0.000010 0.000010 0.127328 0.057645 0.460248
0.073560 0.289424 0.000010 0.000010 0.126451 0.056621 0.453923
0.083360 0.286745 0.000010 0.010632 0.105900 0.037936 0.475416
0.043526 0.250138 0.001149 0.021680 0.159213 0.062573 0.461720
0.049506 0.318710 0.000010 0.000010 0.138921 0.035341 0.457501
0.040754 0.293388 0.003770 0.015495 0.144206 0.056921 0.445467
0.000010 0.409196 0.002269 0.144574 0.034049 0.000010 0.409892
0.004614 0.416720 0.000010 0.129118 0.047543 0.024177 0.377818
0.000010 0.412289 0.000010 0.115425 0.004357 0.023229 0.444679
0.011127 0.403660 0.000010 0.132645 0.020290 0.034056 0.398213
0.002412 0.394262 0.003539 0.117366 0.032859 0.016903 0.432659
0.000010 0.385862 0.003261 0.131793 0.051374 0.005579 0.422122
0.000010 0.410070 0.005614 0.101848 0.025539 0.029663 0.427256
0.000010 0.430649 0.000010 0.155823 0.065161 0.027468 0.320879
0.013909 0.412055 0.003498 0.131453 0.014394 0.000010 0.424681
0.000010 0.362243 0.000010 0.157703 0.030597 0.018510 0.430928
0.000010 0.403535 0.000010 0.139699 0.041489 0.032734 0.382522
0.000010 0.413710 0.000580 0.124875 0.021315 0.000010 0.439500
0.008456 0.432532 0.000010 0.130551 0.000010 0.045256 0.383185
0.000010 0.361822 0.000010 0.139793 0.062336 0.033384 0.402646
0.000010 0.392318 0.000010 0.127906 0.053242 0.026263 0.400251
0.000010 0.429139 0.008301 0.103470 0.036082 0.005295 0.417703
0.000010 0.398896 0.000010 0.143645 0.039003 0.009674 0.408762
0.025965 0.416807 0.002451 0.129157 0.016399 0.044845 0.364375
0.000010 0.407886 0.000010 0.135601 0.056811 0.009724 0.389959
0.006431 0.386817 0.000010 0.152221 0.034459 0.006212 0.413851
0.000010 0.401882 0.000802 0.133834 0.052967 0.021481 0.389024
0.000010 0.404699 0.005290 0.165396 0.031089 0.008300 0.385217
0.000010 0.409903 0.003894 0.135025 0.047904 0.008243 0.395022
0.000010 0.402901 0.000010 0.148195 0.011980 0.029821 0.407082
0.000010 0.391275 0.000010 0.151420 0.046808 0.012452 0.398024
0.005291 0.399875 0.000039 0.139187 0.037862 0.006883 0.410864
0.000010 0.320584 0.000010 0.175236 0.034301 0.018256 0.451604
0.000010 0.399633 0.000010 0.141678 0.050036 0.010993 0.397641
0.029448 0.393031 0.000010 0.124047 0.058693 0.014989 0.379781
0.000010 0.393970 0.005279 0.159421 0.031672 0.020521 0.389128
0.000010 0.388763 0.006092 0.168413 0.047146 0.000010 0.389566
0.000010 0.413178 0.000010 0.159888 0.042380 0.002946 0.381587
0.000010 0.405389 0.000010 0.121340 0.057260 0.033115 0.382877
0.001883 0.403006 0.001198 0.126318 0.038179 0.018769 0.410646
0.000010 0.426729 0.000010 0.153748 0.016065 0.005270 0.398168
0.002374 0.441109 0.002005 0.148368 0.010888 0.023769 0.371487
0.000010 0.411574 0.000010 0.110714 0.063875 0.011697 0.402120
0.000010 0.357023 0.000010 0.164930 0.036561 0.010841 0.430625
0.013854 0.380584 0.000968 0.174735 0.010774 0.007603 0.411483
0.000010 0.398182 0.000010 0.150987 0.042035 0.000010 0.408766
0.059384 0.006675 0.081672 0.000010 0.852239 0.000010 0.000010
0.047592 0.000010 0.092054 0.000010 0.860314 0.000010 0.000010
0.031780 0.018852 0.086504 0.000010 0.862834 0.000010 0.000010
0.027420 0.000010 0.086329 0.000010 0.886211 0.000010 0.000010
0.038645 0.000010 0.086010 0.014675 0.843126 0.007163 0.010370
0.019554 0.000010 0.077612 0.000010 0.902794 0.000010 0.000010
0.022940 0.000010 0.084566 0.000010 0.880678 0.000010 0.011786
0.061237 0.000010 0.084470 0.000010 0.835069 0.014438 0.004765
0.073496 0.000010 0.082873 0.000010 0.843592 0.000010 0.000010
0.074084 0.009629 0.087816 0.000010 0.828441 0.000010 0.000010
0.158612 0.000010 0.004105 0.000010 0.834648 0.002605 0.000010
0.145812 0.000010 0.006592 0.021292 0.795595 0.000010 0.030690
0.143956 0.007367 0.009115 0.011627 0.817956 0.009968 0.000010
0.137876 0.024094 0.000010 0.003627 0.834373 0.000010 0.000010
0.133427 0.051975 0.000010 0.000015 0.814554 0.000010 0.000010
0.137753 0.018516 0.006325 0.000010 0.768153 0.010091 0.059151
0.134947 0.014507 0.013185 0.021682 0.815659 0.000010 0.000010
0.151113 0.004885 0.002280 0.015984 0.825711 0.000017 0.000010
0.132725 0.014904 0.008137 0.000010 0.844204 0.000010 0.000010
0.137944 0.000010 0.006076 0.031469 0.816872 0.000010 0.007619
0.120975 0.031909 0.003538 0.000010 0.843548 0.000010 0.000010
0.157882 0.008206 0.009229 0.000865 0.823796 0.000010 0.000010
0.127969 0.018235 0.011670 0.000010 0.822239 0.000010 0.019867
0.182245 0.000010 0.006043 0.030195 0.781486 0.000010 0.000010
0.141539 0.013045 0.009235 0.000010 0.833261 0.002900 0.000010
0.125082 0.000010 0.014966 0.000010 0.859912 0.000010 0.000010
0.122208 0.011986 0.015603 0.000010 0.850174 0.000010 0.000010
0.162364 0.006537 0.006778 0.012074 0.812227 0.000010 0.000010
0.120048 0.046079 0.010059 0.000010 0.823775 0.000019 0.000010
0.145526 0.005851 0.005496 0.000925 0.819664 0.022527 0.000010
0.145193 0.000010 0.014127 0.020317 0.794721 0.000409 0.025221
0.141436 0.008815 0.000014 0.023529 0.826186 0.000010 0.000010
0.138910 0.007405 0.005008 0.022958 0.825698 0.000010 0.000010
0.142373 0.000010 0.013830 0.038409 0.805359 0.000010 0.000010
0.147343 0.025557 0.009740 0.001382 0.815959 0.000010 0.000010
0.164900 0.013211 0.002872 0.000010 0.818987 0.000010 0.000010
0.168354 0.022455 0.009084 0.000010 0.800077 0.000010 0.000010
0.133348 0.000010 0.008947 0.008327 0.845003 0.000010 0.004355
0.145691 0.022137 0.015873 0.000010 0.816270 0.000010 0.000010
0.147429 0.000010 0.002802 0.000010 0.849729 0.000010 0.000010
0.135075 0.025339 0.007954 0.002168 0.829444 0.000010 0.000010
0.141950 0.000010 0.000010 0.020444 0.837566 0.000010 0.000010
0.143295 0.002179 0.006954 0.000010 0.847542 0.000010 0.000010
0.121952 0.000010 0.009505 0.010868 0.833993 0.023662 0.000010
0.045315 0.349726 0.000010 0.018868 0.102040 0.042692 0.441349
0.068008 0.287137 0.000010 0.027815 0.123923 0.065201 0.427906
0.047936 0.352248 0.000010 0.032842 0.095648 0.057771 0.413545
0.058682 0.361610 0.000010 0.043744 0.108330 0.064588 0.363035
0.069114 0.329830 0.000010 0.037473 0.095571 0.064607 0.403396
0.072687 0.341281 0.000010 0.015307 0.138382 0.057708 0.374625
0.076998 0.352141 0.000010 0.023946 0.089384 0.062725 0.394796
0.072456 0.354281 0.000010 0.016268 0.087946 0.063422 0.405615
0.046171 0.333926 0.000010 0.030613 0.145994 0.066241 0.377045
0.062976 0.377583 0.000010 0.000010 0.122258 0.055404 0.381758
0.063681 0.333280 0.000010 0.016396 0.096789 0.056033 0.433811
0.077359 0.358774 0.000010 0.000010 0.098733 0.049766 0.415348
0.066199 0.323155 0.000010 0.000010 0.121392 0.048832 0.440402
0.066948 0.324933 0.000010 0.063177 0.135819 0.072413 0.336699
0.031223 0.369985 0.000010 0.007899 0.132947 0.044840 0.413097
0.039773 0.364241 0.000010 0.049881 0.103992 0.041776 0.400328
0.056202 0.352106 0.000010 0.012044 0.126042 0.046658 0.406937
0.000010 0.001037 0.008059 0.027051 0.044466 0.019639 0.899738
0.002307 0.034589 0.006011 0.021396 0.026476 0.000010 0.909211
0.024586 0.006183 0.000703 0.022091 0.001143 0.028294 0.917000
0.000010 0.007136 0.000010 0.023145 0.014707 0.033976 0.921015
0.020167 0.000010 0.007865 0.008787 0.013480 0.020009 0.929681
0.000010 0.034053 0.007324 0.027956 0.021371 0.014414 0.894873
0.018788 0.000010 0.000010 0.009820 0.000010 0.004866 0.966496
0.002284 0.003801 0.007823 0.043612 0.021785 0.012782 0.907913
0.010542 0.042962 0.000010 0.000010 0.032786 0.000010 0.913680
0.009612 0.005849 0.004440 0.029494 0.022870 0.000010 0.927726
0.019344 0.000010 0.007860 0.018126 0.004722 0.007076 0.942863
0.000010 0.042082 0.000010 0.010228 0.031242 0.012515 0.903913
0.012405 0.000010 0.012331 0.048262 0.000010 0.013196 0.913786
0.000206 0.053217 0.003252 0.040596 0.000010 0.039935 0.862784
0.019804 0.029887 0.001487 0.007398 0.011576 0.011408 0.918439
0.000010 0.005470 0.000888 0.046293 0.000010 0.000010 0.947319
0.021465 0.026384 0.007503 0.003433 0.034201 0.018944 0.888070
0.008286 0.000010 0.005113 0.042848 0.000010 0.017962 0.925772
0.000010 0.014044 0.007397 0.045893 0.000010 0.011772 0.920875
0.000010 0.034542 0.000010 0.023747 0.000010 0.003089 0.938591
0.007271 0.000010 0.011085 0.038912 0.012010 0.022555 0.908158
0.011928 0.000010 0.002141 0.042368 0.034373 0.013506 0.895674
0.029681 0.000010 0.000995 0.000010 0.022958 0.000010 0.946336
0.003465 0.015796 0.010889 0.007730 0.000010 0.000010 0.962099
0.000086 0.028736 0.003870 0.001977 0.014172 0.000010 0.951150
0.014646 0.000010 0.001856 0.001359 0.020403 0.006561 0.955165
0.011546 0.032317 0.005946 0.000010 0.000010 0.006037 0.944135
0.011677 0.016854 0.004944 0.000010 0.023174 0.031704 0.911637
0.000010 0.000010 0.001789 0.003011 0.014468 0.027447 0.953264
0.002821 0.025731 0.006278 0.024489 0.012705 0.006276 0.921699
0.000010 0.000010 0.002971 0.050482 0.018725 0.021900 0.905902
0.000358 0.018647 0.000010 0.038705 0.004743 0.032054 0.905482
0.006392 0.043922 0.010900 0.023058 0.000010 0.030629 0.885088
0.018775 0.000010 0.000010 0.000010 0.018938 0.003385 0.958873
0.012472 0.004072 0.004686 0.037834 0.014144 0.010776 0.916017
0.000010 0.000010 0.002612 0.039247 0.035929 0.014143 0.908049
0.012416 0.000010 0.004660 0.040630 0.019364 0.025729 0.897192
0.006489 0.000010 0.005374 0.056796 0.050356 0.000403 0.880571
0.000010 0.035715 0.000010 0.020075 0.003302 0.000010 0.940878
0.043470 0.007399 0.006771 0.031825 0.022654 0.000010 0.887872
0.017125 0.009717 0.000010 0.034718 0.000010 0.010504 0.927915
0.010683 0.013348 0.006506 0.019251 0.039426 0.010339 0.900446
0.041068 0.003022 0.000318 0.006262 0.000010 0.019928 0.929391
0.000010 0.052169 0.008632 0.007176 0.004673 0.000010 0.927331
0.023082 0.011049 0.000010 0.019638 0.005874 0.032099 0.908247
0.030236 0.013482 0.001979 0.023534 0.016213 0.043132 0.871424
0.030028 0.027879 0.005852 0.000010 0.021674 0.000656 0.913901
0.000010 0.002493 0.001328 0.025073 0.000010 0.000842 0.970244
0.005049 0.000010 0.005466 0.048337 0.006848 0.000010 0.934280
0.000010 0.000010 0.002886 0.000012 0.000010 0.001827 0.995245
0.057325 0.301749 0.000010 0.008046 0.149627 0.084845 0.398397
0.087960 0.309041 0.000010 0.029398 0.127259 0.075846 0.370486
0.068561 0.235085 0.000010 0.000010 0.166008 0.082333 0.447994
0.041886 0.292230 0.003894 0.008671 0.155949 0.062967 0.434405
0.051441 0.298656 0.000010 0.000010 0.154859 0.045943 0.449081
0.080285 0.278371 0.000010 0.000010 0.137118 0.085930 0.418276
0.055275 0.265230 0.000010 0.045896 0.144138 0.091596 0.397855
0.057740 0.257429 0.000010 0.000010 0.151408 0.076921 0.456481
0.061835 0.282437 0.001198 0.036899 0.142997 0.069893 0.404742
0.065023 0.262426 0.000010 0.003850 0.147851 0.099711 0.421129
0.063428 0.275672 0.001333 0.006805 0.134166 0.060614 0.457981
0.040757 0.280403 0.000010 0.053753 0.122321 0.086154 0.416603
0.069555 0.232950 0.000010 0.002723 0.146191 0.053858 0.494713
0.050150 0.289929 0.000010 0.029626 0.181521 0.053464 0.395301
0.000010 0.220026 0.003047 0.111129 0.000010 0.012863 0.652916
0.004925 0.196401 0.001122 0.127818 0.000010 0.005032 0.664692
0.000010 0.207883 0.001451 0.091126 0.000845 0.000010 0.698675
0.005476 0.192438 0.006195 0.106649 0.000010 0.000010 0.689221
0.000010 0.212139 0.000892 0.085362 0.005292 0.000010 0.696295
0.015399 0.211859 0.000010 0.084205 0.000010 0.005921 0.682597
0.013935 0.224985 0.000010 0.070886 0.026207 0.012367 0.651609
0.000010 0.208055 0.000010 0.098547 0.000010 0.025789 0.667579
0.000010 0.206705 0.003134 0.120047 0.023322 0.012434 0.634347
0.000913 0.205775 0.000010 0.088744 0.020438 0.000010 0.684110
0.005703 0.173316 0.000010 0.134741 0.011048 0.011770 0.663413
0.000794 0.212688 0.007106 0.128510 0.008564 0.014271 0.628067
0.478282 0.028927 0.170858 0.001256 0.260764 0.000010 0.059903
0.506908 0.020800 0.170942 0.015071 0.230030 0.011233 0.045015
0.492552 0.014875 0.178279 0.025351 0.219400 0.009380 0.060162
0.470847 0.034353 0.174716 0.000010 0.249496 0.025808 0.044769
0.059899 0.311804 0.000010 0.133303 0.084239 0.031296 0.379449
0.053145 0.324630 0.000010 0.111180 0.111929 0.048563 0.350543
0.040407 0.326458 0.001292 0.106240 0.077338 0.044845 0.403418
0.076503 0.316760 0.000010 0.098948 0.079791 0.035697 0.392292
0.035486 0.322360 0.000010 0.133505 0.098946 0.053823 0.355870
0.063447 0.303355 0.000010 0.108035 0.081241 0.057861 0.386051
0.044788 0.318406 0.000010 0.115800 0.101304 0.032722 0.386970
0.042203 0.329275 0.000634 0.134318 0.096314 0.024959 0.372298
0.031185 0.315881 0.000010 0.121976 0.127583 0.073856 0.329510
0.061925 0.316612 0.000010 0.112399 0.094286 0.031730 0.383038
0.059181 0.311281 0.001065 0.119113 0.128762 0.028886 0.351713
0.035234 0.316486 0.005830 0.099312 0.130807 0.011424 0.400909
0.045606 0.328512 0.000010 0.104798 0.074926 0.031620 0.414528
0.037956 0.313454 0.001411 0.105117 0.108904 0.032196 0.400962
0.062781 0.297903 0.000010 0.130473 0.074872 0.041372 0.392589
0.056412 0.329139 0.005931 0.098438 0.066326 0.048623 0.395132
0.060775 0.314532 0.000010 0.120397 0.076087 0.043863 0.384336
0.036593 0.341545 0.001974 0.100942 0.096443 0.033527 0.388976
0.022653 0.323877 0.002557 0.112454 0.091893 0.060101 0.386466
0.024831 0.327296 0.002810 0.075651 0.115635 0.042890 0.410886
0.035727 0.303814 0.000010 0.115785 0.118095 0.014037 0.412533
0.059229 0.294034 0.000010 0.110865 0.084823 0.028304 0.422735
0.074122 0.307842 0.000923 0.121007 0.070831 0.027540 0.397734
0.045475 0.308057 0.000010 0.116716 0.089157 0.048307 0.392278
0.044151 0.282909 0.000010 0.145793 0.069557 0.021220 0.436360
0.043768 0.349842 0.000010 0.123865 0.057711 0.023636 0.401168
0.039815 0.321771 0.000471 0.100900 0.077485 0.035358 0.424201
0.050669 0.337269 0.005525 0.097813 0.090122 0.056013 0.362589
0.013622 0.326530 0.000010 0.120028 0.118928 0.051139 0.369743
0.048386 0.322838 0.000010 0.125758 0.098715 0.059848 0.344446
0.039057 0.348370 0.000010 0.087048 0.084411 0.057669 0.383434
0.039111 0.316098 0.001199 0.121741 0.087275 0.049140 0.385436
0.010063 0.046639 0.029394 0.011236 0.060399 0.326788 0.515481
0.053126 0.034796 0.017187 0.037165 0.059245 0.368859 0.429621
0.004238 0.065743 0.027083 0.031618 0.079957 0.333658 0.457703
0.041149 0.043141 0.016971 0.025982 0.039798 0.358140 0.474818
0.003246 0.047245 0.024985 0.008865 0.076713 0.344333 0.494614
0.046569 0.042565 0.024735 0.007003 0.034705 0.358731 0.485693
0.047736 0.019266 0.020552 0.025414 0.057611 0.349632 0.479788
0.029793 0.046135 0.028348 0.034966 0.068447 0.360978 0.431333
0.015617 0.045548 0.032291 0.002283 0.061565 0.334900 0.507795
0.033215 0.037991 0.020099 0.005065 0.065097 0.332530 0.506004
0.999940 0.000010 0.000010 0.000010 0.000010 0.000010 0.000010
0.999940 0.000010 0.000010 0.000010 0.000010 0.000010 0.000010
0.999940 0.000010 0.000010 0.000010 0.000010 0.000010 0.000010
0.999940 0.000010 0.000010 0.000010 0.000010 0.000010 0.000010
0.999940 0.000010 0.000010 0.000010 0.000010 0.000010 0.000010
0.999940 0.000010 0.000010 0.000010 0.000010 0.000010 0.000010
0.999940 0.000010 0.000010 0.000010 0.000010 0.000010 0.000010
0.999762 0.000010 0.000188 0.000010 0.000010 0.000010 0.000010
0.999940 0.000010 0.000010 0.000010 0.000010 0.000010 0.000010
0.000010 0.000010 0.000010 0.000010 0.000010 0.999940 0.000010
0.000010 0.000010 0.000010 0.000010 0.000010 0.999940 0.000010
0.000010 0.000010 0.000010 0.000010 0.000010 0.999940 0.000010
0.000010 0.000010 0.000010 0.000010 0.000010 0.999940 0.000010
0.000010 0.000010 0.000010 0.000010 0.000010 0.999940 0.000010
0.000010 0.000010 0.000010 0.000010 0.000010 0.999940 0.000010
0.000010 0.000010 0.000010 0.000010 0.000010 0.999940 0.000010
0.000010 0.000010 0.000010 0.000010 0.000010 0.999940 0.000010
0.000010 0.000010 0.000010 0.000010 0.000010 0.999940 0.000010
0.000010 0.000010 0.000010 0.000010 0.000010 0.999940 0.000010
0.000010 0.000010 0.000010 0.000010 0.000010 0.999940 0.000010
0.000010 0.000010 0.000010 0.000010 0.000010 0.999940 0.000010
0.000010 0.000010 0.000010 0.000010 0.000010 0.999940 0.000010
0.000010 0.000010 0.000010 0.000010 0.000010 0.999940 0.000010
0.000010 0.000010 0.002792 0.000010 0.000010 0.997158 0.000010
0.000010 0.000010 0.000010 0.000010 0.000010 0.999940 0.000010
0.000010 0.000010 0.000010 0.000010 0.000010 0.999940 0.000010
0.014064 0.097755 0.000317 0.086286 0.025995 0.000010 0.775572
0.020886 0.110494 0.001583 0.056534 0.023319 0.011870 0.775313
0.023191 0.106343 0.002766 0.085167 0.028057 0.012303 0.742172
0.004579 0.119321 0.008517 0.111093 0.045923 0.023485 0.687082
0.014862 0.089048 0.004557 0.087990 0.035987 0.029895 0.737661
0.014554 0.099485 0.009570 0.101790 0.015332 0.012797 0.746470
0.027810 0.139561 0.002963 0.084630 0.030512 0.033293 0.681231
0.017186 0.126881 0.000010 0.089477 0.024427 0.052395 0.689624
0.000010 0.139812 0.012506 0.048396 0.032878 0.022373 0.744025
0.024989 0.136968 0.000010 0.071757 0.009637 0.039952 0.716686
0.027577 0.157403 0.007470 0.052737 0.025442 0.014698 0.714672
0.007403 0.141842 0.011224 0.074060 0.062899 0.013734 0.688837
0.041175 0.143852 0.000010 0.064918 0.018759 0.000010 0.731275
0.013590 0.112301 0.008234 0.088980 0.013354 0.047277 0.716264
0.030318 0.108695 0.013265 0.111170 0.000010 0.037511 0.699030
0.027177 0.126122 0.000010 0.088722 0.030059 0.034661 0.693250
0.008138 0.138322 0.003260 0.078451 0.038943 0.008414 0.724472
0.022561 0.109128 0.008081 0.075317 0.004560 0.027006 0.753345
0.027271 0.151098 0.005521 0.064692 0.044871 0.009069 0.697478
0.034747 0.080827 0.002387 0.088435 0.027952 0.000010 0.765642
0.018372 0.182656 0.001186 0.038641 0.038581 0.021388 0.699176
0.000010 0.108060 0.000456 0.101200 0.024177 0.024911 0.741186
0.014133 0.142453 0.010054 0.069717 0.014655 0.014142 0.734846
0.030956 0.142070 0.008408 0.072123 0.010031 0.002026 0.734385
0.040408 0.131830 0.002667 0.053994 0.030406 0.011691 0.729004
0.019338 0.141644 0.000010 0.129431 0.009522 0.027416 0.672640
0.009729 0.108528 0.002688 0.107284 0.047458 0.028959 0.695355
0.000010 0.117665 0.005559 0.089083 0.075018 0.019957 0.692708
0.038917 0.121787 0.000010 0.087748 0.008010 0.042027 0.701501
0.000010 0.000010 0.000010 0.000010 0.999940 0.000010 0.000010
0.000010 0.000010 0.000010 0.000010 0.999940 0.000010 0.000010
0.000010 0.000010 0.000010 0.000010 0.999940 0.000010 0.000010
0.000010 0.000010 0.000010 0.000010 0.999940 0.000010 0.000010
0.000010 0.000010 0.000010 0.000010 0.999940 0.000010 0.000010
0.000010 0.000010 0.000010 0.000010 0.999940 0.000010 0.000010
0.000010 0.000010 0.000010 0.000010 0.999940 0.000010 0.000010
0.000010 0.000010 0.000010 0.000010 0.999940 0.000010 0.000010
0.000834 0.464108 0.006386 0.194654 0.003545 0.000010 0.330463
0.000010 0.473400 0.000010 0.151175 0.022411 0.000010 0.352984
0.000010 0.459204 0.005848 0.171284 0.018073 0.000010 0.345570
0.002870 0.477805 0.000932 0.166633 0.000010 0.000010 0.351740
0.000010 0.487583 0.000010 0.178678 0.000010 0.000010 0.333699
0.000010 0.477674 0.002145 0.173420 0.000010 0.000010 0.346731
0.000010 0.497989 0.000010 0.178372 0.000010 0.000010 0.323599
0.004229 0.483332 0.000010 0.167487 0.000010 0.000010 0.344922
0.000010 0.437048 0.000010 0.210611 0.000010 0.000010 0.352301
0.008151 0.476297 0.000010 0.153090 0.000010 0.000010 0.362432
0.002347 0.485812 0.002522 0.164445 0.000010 0.000010 0.344853
0.001149 0.470738 0.000010 0.179985 0.000010 0.000010 0.348098
0.019913 0.474424 0.000010 0.209770 0.000010 0.000010 0.295863
0.009307 0.466964 0.000010 0.159268 0.000063 0.000010 0.364378
0.010021 0.475493 0.000010 0.163251 0.000010 0.000010 0.351205
0.018177 0.481674 0.000010 0.172193 0.000010 0.000010 0.327927
0.033401 0.452140 0.000010 0.200257 0.000010 0.000010 0.314172
0.000010 0.484948 0.000010 0.186623 0.002873 0.000010 0.325526
0.000010 0.480511 0.000010 0.179588 0.000010 0.000010 0.339861
0.012176 0.446310 0.000010 0.189998 0.016474 0.000010 0.335022
0.024234 0.489204 0.004302 0.163567 0.000010 0.000010 0.318673
0.000010 0.491592 0.000010 0.142690 0.000010 0.000010 0.365679
0.006390 0.484952 0.000017 0.187554 0.002926 0.000010 0.318151
0.000010 0.486667 0.000010 0.180740 0.003696 0.000010 0.328867
0.002465 0.485128 0.002140 0.153115 0.004222 0.000010 0.352919
0.000010 0.470510 0.000010 0.176029 0.000010 0.000010 0.353421
0.885445 0.000010 0.020901 0.000010 0.093613 0.000010 0.000010
0.894065 0.000010 0.004232 0.000010 0.101663 0.000010 0.000010
0.900036 0.012549 0.008269 0.000010 0.079115 0.000010 0.000010
0.897129 0.014133 0.000010 0.000010 0.088697 0.000010 0.000010
0.864582 0.000010 0.002398 0.004757 0.126476 0.001767 0.000010
0.871776 0.000010 0.006218 0.000010 0.121966 0.000010 0.000010
0.896742 0.000010 0.009799 0.006628 0.086801 0.000010 0.000010
0.020347 0.068899 0.156907 0.035752 0.220462 0.097516 0.400117
0.032089 0.081708 0.164897 0.003598 0.195118 0.114361 0.408229
0.022134 0.041579 0.154069 0.000010 0.235885 0.076649 0.469674
0.014831 0.078004 0.156741 0.000324 0.226651 0.106160 0.417290
0.039337 0.054421 0.154129 0.000010 0.193228 0.131730 0.427146
0.023068 0.070216 0.165216 0.025036 0.195152 0.110536 0.410777
0.000497 0.061355 0.153629 0.023861 0.202418 0.106968 0.451272
0.021356 0.096226 0.167360 0.000010 0.227517 0.079466 0.408065
0.013174 0.053165 0.153665 0.025144 0.220321 0.110307 0.424224
0.004263 0.067349 0.159245 0.014562 0.219541 0.102251 0.432790
0.006390 0.071504 0.150520 0.028876 0.210170 0.108970 0.423568
0.021086 0.067184 0.156848 0.012201 0.236879 0.124040 0.381763
0.014425 0.047058 0.152357 0.043759 0.201717 0.108626 0.432057
0.023238 0.070519 0.156430 0.024060 0.206195 0.074538 0.445020
0.025061 0.046750 0.161960 0.008421 0.175926 0.102388 0.479494
0.022046 0.071024 0.158172 0.064696 0.174897 0.112244 0.396922
0.001821 0.095890 0.163645 0.007624 0.179875 0.112701 0.438444
0.014164 0.057238 0.159149 0.016406 0.239930 0.097757 0.415356
0.013247 0.042309 0.161811 0.053273 0.209278 0.115151 0.404931
0.000010 0.082788 0.161079 0.012120 0.243552 0.104200 0.396250
0.003357 0.043198 0.160716 0.000574 0.245668 0.121556 0.424931
0.000010 0.061057 0.162439 0.003584 0.230389 0.109099 0.433422
0.008001 0.072396 0.155024 0.006759 0.204968 0.146383 0.406469
0.011709 0.068300 0.152938 0.019881 0.221357 0.109398 0.416417
0.031602 0.060858 0.166106 0.025317 0.204960 0.087680 0.423476
0.000010 0.071117 0.157452 0.050524 0.170318 0.129619 0.420960
0.027720 0.054342 0.139322 0.011424 0.301004 0.050870 0.415318
0.051956 0.067144 0.144041 0.018904 0.291929 0.044359 0.381667
0.005655 0.049000 0.140675 0.016282 0.334187 0.087001 0.367199
0.036082 0.076263 0.136213 0.012838 0.317676 0.057464 0.363463
0.016412 0.076296 0.135658 0.024958 0.338670 0.089037 0.318970
0.024025 0.025015 0.146238 0.068958 0.278283 0.074417 0.383065
0.041482 0.097795 0.136578 0.000010 0.293207 0.048726 0.382201
0.005554 0.064657 0.147061 0.021101 0.309824 0.072147 0.379656
0.029134 0.050616 0.145665 0.011790 0.303773 0.070803 0.388219
0.013819 0.052215 0.127647 0.044797 0.337803 0.046848 0.376871
0.016818 0.083436 0.144691 0.010432 0.325943 0.062123 0.356557
0.032090 0.050131 0.139613 0.046369 0.294600 0.073140 0.364056
0.027862 0.099259 0.139733 0.003369 0.312743 0.067555 0.349479
0.329785 0.009892 0.003453 0.000010 0.582463 0.009996 0.064400
0.324864 0.000010 0.000010 0.010588 0.615312 0.007599 0.041617
0.331308 0.022510 0.000372 0.000010 0.597532 0.008596 0.039671
0.358273 0.020052 0.004706 0.000010 0.549937 0.025615 0.041406
0.330658 0.000014 0.000010 0.007049 0.586202 0.001158 0.074910
0.324762 0.019494 0.002132 0.004544 0.546938 0.031892 0.070239
0.288640 0.030862 0.012940 0.000010 0.599583 0.009319 0.058646
0.336347 0.000010 0.009731 0.007629 0.598224 0.000010 0.048049
0.000010 0.999940 0.000010 0.000010 0.000010 0.000010 0.000010
0.000010 0.999940 0.000010 0.000010 0.000010 0.000010 0.000010
0.000010 0.999940 0.000010 0.000010 0.000010 0.000010 0.000010
0.000010 0.999940 0.000010 0.000010 0.000010 0.000010 0.000010
0.000010 0.999940 0.000010 0.000010 0.000010 0.000010 0.000010
0.000010 0.999940 0.000010 0.000010 0.000010 0.000010 0.000010
0.000010 0.999940 0.000010 0.000010 0.000010 0.000010 0.000010
0.000010 0.999940 0.000010 0.000010 0.000010 0.000010 0.000010
0.000010 0.999940 0.000010 0.000010 0.000010 0.000010 0.000010
0.000010 0.999940 0.000010 0.000010 0.000010 0.000010 0.000010
0.000010 0.000010 0.000010 0.999940 0.000010 0.000010 0.000010
0.000010 0.000010 0.000010 0.999940 0.000010 0.000010 0.000010
0.000010 0.000010 0.000019 0.999931 0.000010 0.000010 0.000010
0.000010 0.000010 0.000010 0.999940 0.000010 0.000010 0.000010
0.000010 0.000010 0.000010 0.999940 0.000010 0.000010 0.000010
0.000010 0.000010 0.000010 0.999940 0.000010 0.000010 0.000010
0.000010 0.000010 0.000010 0.999940 0.000010 0.000010 0.000010
0.000010 0.000010 0.000010 0.999937 0.000010 0.000013 0.000010
0.000010 0.000010 0.000010 0.999937 0.000013 0.000010 0.000010
0.000010 0.000010 0.000010 0.999940 0.000010 0.000010 0.000010
0.000010 0.000010 0.000010 0.999940 0.000010 0.000010 0.000010
0.000018 0.000010 0.000010 0.999932 0.000010 0.000010 0.000010
0.000010 0.000010 0.000010 0.999940 0.000010 0.000010 0.000010
0.000010 0.000010 0.000010 0.999940 0.000010 0.000010 0.000010
0.000010 0.000010 0.000010 0.999929 0.000016 0.000015 0.000010
0.000010 0.000010 0.000010 0.999940 0.000010 0.000010 0.000010
0.000010 0.000010 0.000010 0.999940 0.000010 0.000010 0.000010
0.000010 0.000010 0.000010 0.999940 0.000010 0.000010 0.000010
0.000010 0.000010 0.000010 0.999940 0.000010 0.000010 0.000010
0.000010 0.000010 0.000010 0.999940 0.000010 0.000010 0.000010
0.000010 0.000010 0.000010 0.999940 0.000010 0.000010 0.000010
0.000014 0.000010 0.000010 0.999936 0.000010 0.000010 0.000010
0.000010 0.000010 0.000010 0.999940 0.000010 0.000010 0.000010
0.547012 0.012624 0.148893 0.007221 0.284230 0.000010 0.000010
0.558889 0.010968 0.131912 0.000010 0.266846 0.000010 0.031366
0.559945 0.030101 0.148115 0.000010 0.261808 0.000010 0.000010
0.573683 0.004512 0.143934 0.000010 0.277841 0.000010 0.000010
0.999934 0.000010 0.000016 0.000010 0.000010 0.000010 0.000010
0.999930 0.000010 0.000020 0.000010 0.000010 0.000010 0.000010
0.999940 0.000010 0.000010 0.000010 0.000010 0.000010 0.000010
0.999940 0.000010 0.000010 0.000010 0.000010 0.000010 0.000010
0.999940 0.000010 0.000010 0.000010 0.000010 0.000010 0.000010
0.022307 0.336892 0.000010 0.235810 0.040027 0.000010 0.364944
0.016584 0.382473 0.000010 0.213230 0.049165 0.000010 0.338528
0.027713 0.360905 0.000010 0.224939 0.021259 0.000010 0.365164
0.000010 0.403716 0.000010 0.218703 0.038993 0.000010 0.338559
0.008854 0.374123 0.000010 0.210890 0.058132 0.000010 0.347983
0.001911 0.343883 0.011225 0.229002 0.056924 0.000010 0.357046
0.000010 0.000010 0.999940 0.000010 0.000010 0.000010 0.000010
0.000010 0.000010 0.999940 0.000010 0.000010 0.000010 0.000010
0.000010 0.000010 0.999940 0.000010 0.000010 0.000010 0.000010
0.000018 0.000010 0.999927 0.000010 0.000014 0.000010 0.000010
0.000015 0.000010 0.999935 0.000010 0.000010 0.000010 0.000010
0.000010 0.000010 0.999939 0.000010 0.000010 0.000011 0.000010
0.009811 0.058819 0.781353 0.002938 0.110672 0.012226 0.024181
0.000010 0.000010 0.999940 0.000010 0.000010 0.000010 0.000010
0.012187 0.000010 0.418062 0.000010 0.025274 0.348953 0.195505
0.000013 0.000010 0.999937 0.000010 0.000010 0.000010 0.000010
