0.622097 0.184780 0.059792 0.131907 0.001425
0.616828 0.189607 0.049579 0.143976 0.000010
0.623313 0.182432 0.080421 0.113824 0.000010
0.649638 0.138764 0.083044 0.128544 0.000010
0.601181 0.173611 0.078246 0.146315 0.000647
0.620289 0.180452 0.077828 0.121421 0.000010
0.614059 0.173569 0.059811 0.152550 0.000010
0.593254 0.176812 0.087849 0.140914 0.001172
0.624289 0.176852 0.055663 0.143186 0.000010
0.592304 0.162119 0.080195 0.161230 0.004152
0.605317 0.026132 0.000641 0.365441 0.002469
0.570429 0.041348 0.031021 0.357192 0.000010
0.622264 0.000010 0.036687 0.341029 0.000010
0.574276 0.028715 0.044549 0.352451 0.000010
0.607331 0.025767 0.030124 0.334336 0.002441
0.592243 0.037292 0.022791 0.346284 0.001390
0.606206 0.016095 0.040516 0.331997 0.005184
0.521715 0.055457 0.032830 0.389988 0.000010
0.616937 0.023148 0.006418 0.349084 0.004412
0.599873 0.021637 0.033166 0.345313 0.000010
0.569221 0.024251 0.043458 0.363061 0.000010
0.623928 0.005334 0.008921 0.361592 0.000224
0.576498 0.005224 0.054262 0.364006 0.000010
0.576192 0.045521 0.048426 0.329851 0.000010
0.567369 0.041107 0.038946 0.352567 0.000010
0.629669 0.022908 0.018870 0.322310 0.006243
0.595041 0.018219 0.023538 0.363193 0.000010
0.549417 0.038028 0.048357 0.361451 0.002747
0.574924 0.033206 0.026486 0.365374 0.000010
0.589350 0.034244 0.017210 0.359185 0.000010
0.578924 0.028476 0.038158 0.354432 0.000010
0.570696 0.007308 0.024584 0.392985 0.004426
0.597610 0.029076 0.020318 0.349828 0.003168
0.595502 0.000010 0.043379 0.361099 0.000010
0.579902 0.033823 0.025065 0.361199 0.000010
0.591369 0.032606 0.022250 0.353764 0.000010
0.606773 0.009967 0.037238 0.346012 0.000010
0.585281 0.031978 0.024064 0.358667 0.000010
0.573408 0.076813 0.023809 0.325960 0.000010
0.567984 0.020177 0.034786 0.373009 0.004043
0.569211 0.034977 0.005754 0.383845 0.006214
0.571988 0.015259 0.014986 0.397758 0.000010
0.568617 0.043635 0.045897 0.341842 0.000010
0.591821 0.031223 0.031139 0.344906 0.000911
0.602619 0.006865 0.012193 0.378313 0.000010
0.568906 0.012773 0.027303 0.389125 0.001892
0.593636 0.041907 0.023552 0.340894 0.000010
0.608574 0.002669 0.030530 0.358216 0.000010
0.584632 0.019066 0.021519 0.374281 0.000502
0.594469 0.029141 0.009357 0.367023 0.000010
0.073707 0.798540 0.041193 0.010797 0.075763
0.072705 0.786779 0.054622 0.000010 0.085884
0.101536 0.775605 0.041957 0.000010 0.080893
0.087342 0.784586 0.049422 0.000010 0.078640
0.079722 0.774448 0.058586 0.009013 0.078231
0.090229 0.809139 0.028007 0.002122 0.070503
0.106412 0.772719 0.046724 0.000010 0.074135
0.079446 0.785916 0.056001 0.000010 0.078627
0.088330 0.801749 0.031115 0.000010 0.078796
0.071471 0.795964 0.036367 0.012725 0.083473
0.059446 0.870201 0.049954 0.016797 0.003602
0.096398 0.835797 0.028579 0.030837 0.008388
0.060591 0.847003 0.059558 0.026642 0.006206
0.047596 0.868111 0.034078 0.050205 0.000010
0.054588 0.852279 0.031197 0.061926 0.000010
0.132649 0.792903 0.054204 0.015776 0.004468
0.083711 0.850751 0.008317 0.044310 0.012911
0.070115 0.860882 0.035645 0.030878 0.002479
0.061362 0.866909 0.022762 0.039500 0.009467
0.088892 0.845008 0.023175 0.036190 0.006735
0.054311 0.859153 0.046722 0.039804 0.000010
0.089996 0.869477 0.010128 0.020215 0.010184
0.123996 0.830946 0.025045 0.009268 0.010745
0.069265 0.856156 0.022527 0.043636 0.008416
0.086374 0.856611 0.051508 0.000010 0.005497
0.108517 0.872415 0.005554 0.000010 0.013504
0.088466 0.856260 0.009795 0.030461 0.015017
0.067903 0.856774 0.035689 0.034292 0.005341
0.074875 0.848969 0.019789 0.047666 0.008700
0.084866 0.839301 0.059749 0.012624 0.003461
0.086276 0.824194 0.051361 0.026389 0.011780
0.043786 0.873158 0.015057 0.065813 0.002186
0.045512 0.846157 0.050988 0.057180 0.000163
0.052581 0.845123 0.026756 0.059602 0.015938
0.087940 0.864913 0.009286 0.028285 0.009576
0.040727 0.890062 0.030871 0.034413 0.003927
0.083051 0.860074 0.033838 0.015677 0.007360
0.086175 0.845717 0.036746 0.022020 0.009343
0.115276 0.856066 0.005006 0.006843 0.016810
0.043925 0.883540 0.043609 0.026894 0.002032
0.066984 0.857841 0.030388 0.037977 0.006811
0.051866 0.869260 0.037916 0.040948 0.000010
0.085311 0.874833 0.016185 0.016371 0.007301
0.068858 0.831007 0.064347 0.028393 0.007394
0.613525 0.134581 0.061978 0.189907 0.000010
0.570038 0.174240 0.085967 0.169745 0.000010
0.585589 0.131819 0.072889 0.209694 0.000010
0.539909 0.152704 0.075264 0.232113 0.000010
0.561060 0.155256 0.077424 0.206249 0.000010
0.546485 0.196448 0.072646 0.184411 0.000010
0.572123 0.154018 0.075657 0.198191 0.000010
0.577495 0.149193 0.076437 0.196864 0.000010
0.553755 0.172913 0.081338 0.191984 0.000010
0.586256 0.177414 0.068006 0.168314 0.000010
0.595696 0.148256 0.075079 0.180959 0.000010
0.599527 0.165445 0.063092 0.171926 0.000010
0.611634 0.173328 0.066802 0.148226 0.000010
0.503012 0.189274 0.081262 0.226442 0.000010
0.598316 0.147573 0.061657 0.192444 0.000010
0.585144 0.126146 0.057622 0.230934 0.000155
0.591434 0.165752 0.061205 0.181598 0.000010
0.875175 0.013907 0.094057 0.011788 0.005073
0.899612 0.009014 0.068558 0.019964 0.002851
0.882076 0.018177 0.094345 0.005099 0.000302
0.876310 0.000010 0.114176 0.009495 0.000010
0.876803 0.017281 0.097927 0.000010 0.007979
0.875815 0.008123 0.078502 0.030356 0.007204
0.911090 0.005218 0.083672 0.000010 0.000010
0.873913 0.006282 0.086307 0.027006 0.006493
0.899767 0.024963 0.070531 0.004730 0.000010
0.902742 0.013315 0.062888 0.016250 0.004806
0.901301 0.010426 0.080118 0.000010 0.008145
0.889491 0.006411 0.082796 0.021291 0.000010
0.872666 0.000010 0.088496 0.027187 0.011641
0.846009 0.000010 0.097606 0.053228 0.003146
0.888876 0.017050 0.085746 0.007714 0.000614
0.897794 0.000010 0.067698 0.033675 0.000823
0.859559 0.037895 0.093185 0.003056 0.006305
0.878312 0.000010 0.090955 0.024231 0.006492
0.880558 0.000010 0.082088 0.031349 0.005995
0.895147 0.000010 0.077146 0.027687 0.000010
0.860184 0.009013 0.101104 0.019181 0.010519
0.851923 0.031835 0.089918 0.024868 0.001456
0.906147 0.033943 0.055257 0.000010 0.004643
0.916126 0.000010 0.073898 0.000010 0.009956
0.923196 0.000010 0.073491 0.000010 0.003293
0.895002 0.013581 0.090935 0.000010 0.000473
0.915777 0.000010 0.075990 0.000010 0.008214
0.881716 0.012161 0.103338 0.000010 0.002775
0.899175 0.000010 0.098170 0.000010 0.002635
0.894947 0.000010 0.081863 0.017412 0.005768
0.867141 0.000010 0.101032 0.029005 0.002812
0.874369 0.000010 0.100237 0.025374 0.000010
0.855036 0.000010 0.104980 0.030171 0.009803
0.897161 0.021161 0.080384 0.000010 0.001285
0.877664 0.008695 0.084058 0.024391 0.005192
0.866235 0.016246 0.094379 0.022178 0.000963
0.854914 0.015278 0.103357 0.021319 0.005132
0.838146 0.040114 0.080075 0.037282 0.004383
0.917566 0.000010 0.067440 0.014974 0.000010
0.850370 0.052627 0.067660 0.021837 0.007506
0.884251 0.001105 0.087463 0.027172 0.000010
0.875320 0.027421 0.086496 0.005200 0.005564
0.887584 0.020056 0.090948 0.000010 0.001403
0.905629 0.000010 0.072207 0.014554 0.007600
0.869487 0.014393 0.103615 0.012495 0.000010
0.840881 0.033441 0.108445 0.014834 0.002398
0.888257 0.032570 0.071390 0.000010 0.007773
0.914065 0.000010 0.082467 0.003449 0.000010
0.877571 0.000010 0.080628 0.035102 0.006689
0.919357 0.000010 0.078726 0.000010 0.001897
0.548451 0.186624 0.099680 0.165235 0.000010
0.523907 0.203662 0.086932 0.185488 0.000010
0.584793 0.211019 0.106487 0.097690 0.000010
0.591836 0.172270 0.082801 0.149622 0.003471
0.619016 0.188593 0.070605 0.121776 0.000010
0.584032 0.200687 0.105194 0.110077 0.000010
0.541506 0.176802 0.108965 0.172717 0.000010
0.597265 0.189132 0.100005 0.113587 0.000010
0.543710 0.183794 0.089928 0.181193 0.001375
0.565641 0.193850 0.120266 0.120232 0.000010
0.601516 0.177834 0.081272 0.137314 0.002064
0.560806 0.144211 0.104035 0.190665 0.000283
0.613910 0.194691 0.076808 0.114581 0.000010
0.553414 0.206229 0.073055 0.167292 0.000010
0.716239 0.000010 0.050994 0.230502 0.002255
0.740705 0.000010 0.038671 0.218840 0.001774
0.771113 0.000010 0.033338 0.193418 0.002122
0.752089 0.000010 0.034569 0.205556 0.007777
0.771356 0.000010 0.028709 0.198707 0.001218
0.745865 0.004085 0.050536 0.199503 0.000010
0.737208 0.030235 0.047696 0.184850 0.000010
0.736914 0.000010 0.059619 0.203447 0.000010
0.709337 0.011884 0.050370 0.225422 0.002988
0.759250 0.014996 0.034024 0.191720 0.000010
0.722104 0.004622 0.054093 0.219171 0.000010
0.702679 0.001673 0.051055 0.237469 0.007124
0.087179 0.708631 0.000010 0.014921 0.189259
0.053620 0.709422 0.018428 0.028239 0.190290
0.068127 0.681499 0.014165 0.038071 0.198139
0.070428 0.689860 0.030198 0.016869 0.192645
0.516551 0.131651 0.047862 0.303926 0.000010
0.497223 0.150213 0.062921 0.289634 0.000010
0.551253 0.107104 0.061694 0.278477 0.001472
0.532264 0.144612 0.053323 0.269031 0.000770
0.506073 0.118120 0.067606 0.308191 0.000010
0.526119 0.132243 0.075289 0.266339 0.000010
0.534535 0.127801 0.052918 0.283988 0.000757
0.521902 0.123846 0.040686 0.312566 0.001001
0.472971 0.138163 0.090566 0.298290 0.000010
0.518981 0.144258 0.046261 0.290191 0.000309
0.493483 0.169012 0.044452 0.291141 0.001912
0.553578 0.146141 0.028837 0.265421 0.006023
0.562359 0.109491 0.048098 0.280042 0.000010
0.545640 0.126935 0.052172 0.273996 0.001258
0.524540 0.128768 0.059384 0.287298 0.000010
0.539169 0.110945 0.063773 0.278396 0.007717
0.529629 0.125816 0.060497 0.284048 0.000010
0.547230 0.114164 0.050520 0.286225 0.001860
0.529241 0.100923 0.074935 0.292529 0.002373
0.561636 0.124959 0.058749 0.250389 0.004267
0.548763 0.135879 0.036135 0.279212 0.000010
0.559458 0.133549 0.046629 0.260354 0.000010
0.527688 0.134238 0.039548 0.294838 0.003688
0.529302 0.119963 0.066953 0.283773 0.000010
0.553515 0.100804 0.043608 0.301790 0.000283
0.554574 0.093139 0.036381 0.315896 0.000010
0.574837 0.102313 0.053867 0.267957 0.001025
0.513000 0.127449 0.069140 0.284631 0.005780
0.523153 0.113242 0.066530 0.297065 0.000010
0.496072 0.134210 0.072670 0.297039 0.000010
0.538290 0.111257 0.074668 0.275775 0.000010
0.525886 0.113296 0.065649 0.292870 0.002300
0.523727 0.056014 0.366769 0.024796 0.028693
0.429309 0.099451 0.404435 0.048015 0.018790
0.483521 0.067833 0.368697 0.053843 0.026106
0.476280 0.071521 0.391619 0.042429 0.018150
0.499615 0.063616 0.385102 0.027251 0.024416
0.495986 0.067185 0.394727 0.015729 0.026372
0.472145 0.088478 0.389287 0.027671 0.022419
0.448734 0.081364 0.393604 0.047684 0.028613
0.521413 0.060806 0.373813 0.011937 0.032031
0.512450 0.082497 0.371097 0.013093 0.020863
0.000010 0.965399 0.000010 0.000010 0.034571
0.000010 0.966559 0.000010 0.000010 0.033411
0.000010 0.971031 0.000010 0.000010 0.028939
0.000010 0.967071 0.000010 0.000010 0.032899
0.000010 0.968814 0.000010 0.000010 0.031156
0.000010 0.966432 0.000010 0.000010 0.033538
0.000010 0.967327 0.000010 0.000010 0.032643
0.000010 0.964096 0.000010 0.000010 0.035874
0.000010 0.966223 0.000010 0.000010 0.033747
0.000010 0.000010 0.999960 0.000010 0.000010
0.000010 0.000010 0.999960 0.000010 0.000010
0.000010 0.000010 0.999960 0.000010 0.000010
0.000010 0.000010 0.999960 0.000010 0.000010
0.000010 0.000010 0.999960 0.000010 0.000010
0.000010 0.000010 0.999960 0.000010 0.000010
0.000010 0.000010 0.999960 0.000010 0.000010
0.000010 0.000010 0.999960 0.000010 0.000010
0.000010 0.000010 0.999960 0.000010 0.000010
0.000010 0.000010 0.999960 0.000010 0.000010
0.000010 0.000010 0.999960 0.000010 0.000010
0.000010 0.000010 0.999960 0.000010 0.000010
0.000010 0.000010 0.999960 0.000010 0.000010
0.000010 0.000010 0.999960 0.000010 0.000010
0.000010 0.000010 0.995728 0.000010 0.004242
0.000010 0.000010 0.999960 0.000010 0.000010
0.000010 0.000010 0.999960 0.000010 0.000010
0.787303 0.026086 0.060974 0.125336 0.000302
0.804668 0.031586 0.059204 0.101216 0.003327
0.764951 0.037890 0.062322 0.131352 0.003484
0.720851 0.037760 0.065270 0.167365 0.008754
0.747876 0.034553 0.086951 0.125658 0.004963
0.756663 0.018186 0.071485 0.144221 0.009445
0.719647 0.045347 0.078252 0.153180 0.003574
0.725331 0.030222 0.096174 0.148262 0.000010
0.779691 0.015924 0.076981 0.115441 0.011962
0.753455 0.024746 0.087527 0.132460 0.001813
0.764590 0.038172 0.063091 0.126029 0.008117
0.726498 0.052398 0.067618 0.143218 0.010267
0.770705 0.050167 0.047058 0.132059 0.000010
0.740986 0.012592 0.099377 0.139148 0.007897
0.717624 0.018357 0.090513 0.159578 0.013927
0.723687 0.043427 0.083966 0.148383 0.000537
0.755295 0.032280 0.063646 0.146189 0.002589
0.774489 0.017068 0.074197 0.125413 0.008833
0.740504 0.057752 0.058920 0.136673 0.006152
0.773426 0.047192 0.056044 0.119394 0.003944
0.757529 0.044373 0.062273 0.134573 0.001253
0.765211 0.001886 0.083093 0.149801 0.000010
0.771466 0.017369 0.067795 0.134319 0.009052
0.773055 0.029678 0.052498 0.135367 0.009402
0.761116 0.058005 0.064159 0.113889 0.002832
0.711653 0.019030 0.073177 0.196130 0.000010
0.719002 0.040306 0.083578 0.154244 0.002870
0.731326 0.048343 0.073864 0.142210 0.004257
0.727953 0.035636 0.092064 0.143246 0.001101
0.020228 0.896573 0.035586 0.047603 0.000010
0.000010 0.940484 0.032079 0.027417 0.000010
0.000010 0.889798 0.028523 0.081659 0.000010
0.024553 0.874665 0.037182 0.063590 0.000010
0.004439 0.920270 0.020891 0.054390 0.000010
0.037895 0.916225 0.003698 0.042172 0.000010
0.013898 0.911970 0.024252 0.049870 0.000010
0.000010 0.909104 0.037439 0.053437 0.000010
0.537948 0.003988 0.000010 0.451115 0.006938
0.583066 0.005784 0.000010 0.411131 0.000010
0.570017 0.010879 0.000010 0.413526 0.005568
0.570721 0.000010 0.000010 0.429249 0.000010
0.557267 0.000010 0.000011 0.442702 0.000010
0.574244 0.000011 0.000010 0.423940 0.001795
0.545706 0.000010 0.000010 0.454264 0.000010
0.568163 0.000010 0.000010 0.431807 0.000010
0.550345 0.000010 0.000010 0.449625 0.000010
0.589460 0.000010 0.000010 0.410510 0.000010
0.576675 0.001579 0.000010 0.419121 0.002615
0.555749 0.000010 0.000011 0.444220 0.000010
0.511062 0.016341 0.000010 0.471806 0.000780
0.575248 0.013833 0.000010 0.410900 0.000010
0.574185 0.002898 0.000010 0.422420 0.000486
0.558380 0.000010 0.000010 0.441590 0.000010
0.526906 0.016200 0.000010 0.454748 0.002137
0.556757 0.000010 0.000010 0.443213 0.000010
0.558580 0.000010 0.000010 0.441390 0.000010
0.543276 0.024828 0.000010 0.431876 0.000010
0.563274 0.002756 0.000010 0.427155 0.006805
0.584599 0.000010 0.000010 0.415371 0.000010
0.535431 0.007166 0.000010 0.457383 0.000010
0.555980 0.000627 0.000010 0.443373 0.000010
0.576420 0.005683 0.000010 0.416355 0.001532
0.571488 0.000010 0.000010 0.428482 0.000010
0.000010 0.947569 0.000010 0.000010 0.052401
0.000010 0.964900 0.000010 0.000010 0.035070
0.000010 0.942913 0.000010 0.011690 0.045377
0.000010 0.960790 0.000010 0.001953 0.037237
0.002449 0.958436 0.000080 0.005223 0.033812
0.000614 0.958351 0.000010 0.000010 0.041014
0.000010 0.952689 0.000010 0.002476 0.044815
0.441240 0.200679 0.138871 0.064035 0.155176
0.448506 0.191556 0.154176 0.041614 0.164148
0.500298 0.217737 0.122156 0.007030 0.152779
0.465472 0.200590 0.147377 0.032294 0.154267
0.453254 0.198147 0.173815 0.020842 0.153941
0.453408 0.181058 0.148087 0.053498 0.163949
0.484619 0.163021 0.154973 0.046136 0.151251
0.465724 0.207219 0.119288 0.041976 0.165793
0.449234 0.193395 0.156541 0.049137 0.151693
0.466125 0.185388 0.147192 0.044413 0.156882
0.465656 0.180561 0.148547 0.056685 0.148551
0.423038 0.213446 0.164172 0.044148 0.155197
0.456304 0.179859 0.151570 0.060421 0.151847
0.483791 0.189342 0.118326 0.052849 0.155692
0.492009 0.168052 0.152664 0.026421 0.160854
0.430531 0.162702 0.151583 0.098134 0.157051
0.484505 0.152107 0.151775 0.049711 0.161902
0.453951 0.212866 0.139715 0.036392 0.157077
0.427596 0.180956 0.159973 0.071212 0.160264
0.449914 0.187154 0.152472 0.051925 0.158535
0.451560 0.208525 0.161988 0.019046 0.158881
0.471917 0.184919 0.153772 0.029162 0.160230
0.444333 0.175757 0.189076 0.037506 0.153328
0.452267 0.193327 0.154161 0.049940 0.150306
0.463924 0.198517 0.127100 0.045315 0.165145
0.453460 0.134600 0.170869 0.085405 0.155665
0.453736 0.277835 0.100877 0.030469 0.137082
0.424149 0.292650 0.090707 0.049414 0.143080
0.400021 0.287776 0.134781 0.039500 0.137922
0.416812 0.305643 0.096842 0.046560 0.134144
0.377202 0.301713 0.127523 0.060547 0.133015
0.404021 0.255341 0.118259 0.076939 0.145441
0.444706 0.286625 0.088029 0.045434 0.135206
0.431140 0.262408 0.115817 0.046714 0.143920
0.431488 0.277274 0.118045 0.029333 0.143861
0.411379 0.300081 0.091492 0.072413 0.124636
0.411420 0.292761 0.102078 0.051292 0.142449
0.401041 0.275739 0.118153 0.066723 0.138344
0.416823 0.287231 0.106952 0.051381 0.137612
0.106533 0.829831 0.037222 0.014850 0.011565
0.087429 0.855926 0.037174 0.012548 0.006923
0.079607 0.855645 0.033531 0.022321 0.008896
0.088090 0.835349 0.048634 0.013620 0.014308
0.106789 0.844232 0.037215 0.011754 0.000010
0.112220 0.797953 0.057095 0.022581 0.010151
0.121987 0.811408 0.039829 0.008113 0.018662
0.083934 0.863105 0.018666 0.015375 0.018921
0.379726 0.000010 0.000010 0.620244 0.000010
0.338265 0.000010 0.000010 0.661705 0.000010
0.375207 0.004272 0.000012 0.620499 0.000010
0.342929 0.000010 0.000010 0.657041 0.000010
0.364210 0.000010 0.000010 0.635760 0.000010
0.345543 0.000010 0.000010 0.654427 0.000010
0.356424 0.000802 0.000010 0.642753 0.000010
0.370466 0.000010 0.000010 0.629504 0.000010
0.357599 0.000010 0.000010 0.642371 0.000010
0.367307 0.000010 0.000010 0.632663 0.000010
0.000010 0.000010 0.000010 0.999960 0.000010
0.000010 0.000010 0.000010 0.999960 0.000010
0.000010 0.000010 0.000010 0.999960 0.000010
0.000010 0.000010 0.000010 0.999960 0.000010
0.000010 0.000010 0.000010 0.999960 0.000010
0.000010 0.000010 0.000010 0.999960 0.000010
0.000010 0.000010 0.000010 0.999960 0.000010
0.000010 0.000010 0.000010 0.999960 0.000010
0.000010 0.000010 0.000010 0.999960 0.000010
0.000010 0.000010 0.000010 0.999960 0.000010
0.000010 0.000010 0.000010 0.999960 0.000010
0.000010 0.000010 0.000010 0.999960 0.000010
0.000010 0.000010 0.000010 0.999960 0.000010
0.000010 0.000010 0.000010 0.999960 0.000010
0.000010 0.000010 0.000010 0.999960 0.000010
0.000010 0.000010 0.000010 0.999960 0.000010
0.000010 0.000010 0.000010 0.999960 0.000010
0.000010 0.000010 0.000010 0.999960 0.000010
0.000010 0.000010 0.000010 0.999960 0.000010
0.000010 0.000010 0.000010 0.999960 0.000010
0.000010 0.000010 0.000010 0.999960 0.000010
0.000010 0.000010 0.000010 0.999960 0.000010
0.000010 0.000010 0.000010 0.999960 0.000010
0.000010 0.794819 0.000010 0.036260 0.168901
0.048362 0.790810 0.000010 0.007325 0.153493
0.021498 0.800072 0.000010 0.008073 0.170347
0.000010 0.833563 0.000010 0.000010 0.166407
0.000010 0.956298 0.000010 0.000010 0.043672
0.000010 0.953739 0.000010 0.000010 0.046231
0.000010 0.956245 0.000010 0.000010 0.043725
0.000010 0.957872 0.000010 0.000010 0.042098
0.000010 0.949881 0.000010 0.000010 0.050089
0.519327 0.059142 0.000010 0.421511 0.000010
0.512576 0.060280 0.000010 0.427124 0.000010
0.518912 0.049060 0.000010 0.432008 0.000010
0.524546 0.032815 0.000010 0.442619 0.000010
0.517175 0.060180 0.000010 0.422126 0.000508
0.516411 0.052003 0.000010 0.420751 0.010824
0.000010 0.000011 0.000010 0.000010 0.999959
0.000010 0.000010 0.000010 0.000010 0.999960
0.000010 0.000010 0.000010 0.000010 0.999960
0.000010 0.000010 0.000010 0.000010 0.999960
0.000010 0.000010 0.000010 0.000010 0.999960
0.000010 0.000010 0.000010 0.000010 0.999960
0.070310 0.099350 0.018431 0.032689 0.779220
0.000010 0.000010 0.000010 0.000010 0.999960
0.177234 0.032552 0.372512 0.000010 0.417691
0.000010 0.000012 0.000010 0.000010 0.999958
