0.000010 0.192389 0.197028 0.610573
0.000010 0.195861 0.192674 0.611455
0.000010 0.219099 0.191769 0.589122
0.000010 0.232254 0.143601 0.624135
0.000010 0.213468 0.179185 0.607337
0.000010 0.221793 0.188680 0.589517
0.000010 0.196476 0.178293 0.625220
0.000010 0.227258 0.182252 0.590479
0.000010 0.202603 0.182675 0.614712
0.003090 0.206105 0.173521 0.617284
0.001652 0.118421 0.036119 0.843809
0.000010 0.136276 0.051437 0.812277
0.000010 0.172017 0.000010 0.827963
0.000010 0.152642 0.036685 0.810664
0.002705 0.151433 0.035557 0.810304
0.000730 0.144474 0.043885 0.810911
0.004835 0.165359 0.024736 0.805071
0.000010 0.123262 0.064847 0.811881
0.004929 0.114426 0.031763 0.848882
0.000010 0.162124 0.028596 0.809270
0.000010 0.154898 0.032577 0.812515
0.000010 0.135520 0.015491 0.848979
0.000010 0.162763 0.014724 0.822503
0.000010 0.164032 0.053941 0.782018
0.000010 0.154051 0.049280 0.796659
0.005825 0.143596 0.031635 0.818944
0.000010 0.139825 0.028057 0.832108
0.002613 0.161360 0.045255 0.790772
0.000010 0.141813 0.043037 0.815140
0.000010 0.134615 0.042452 0.822923
0.000714 0.151058 0.036111 0.812116
0.005593 0.137681 0.015016 0.841711
0.002464 0.131414 0.036451 0.829671
0.000010 0.161478 0.000265 0.838247
0.000010 0.132370 0.041194 0.826426
0.000223 0.133929 0.039879 0.825969
0.000010 0.163886 0.017087 0.819017
0.000010 0.139770 0.042136 0.818083
0.000010 0.138159 0.086896 0.774935
0.004951 0.145286 0.028028 0.821735
0.005249 0.127225 0.041661 0.825865
0.000010 0.125207 0.023836 0.850947
0.000010 0.155385 0.052314 0.792291
0.000704 0.143290 0.039661 0.816345
0.000010 0.125858 0.017427 0.856704
0.002389 0.136718 0.017415 0.843478
0.000010 0.139790 0.050765 0.809435
0.000010 0.160620 0.012092 0.827278
0.002757 0.126445 0.026839 0.843959
0.000010 0.125345 0.036751 0.837894
0.075097 0.081757 0.796870 0.046276
0.084779 0.106630 0.786168 0.022423
0.079140 0.100782 0.776652 0.043426
0.077116 0.103323 0.782291 0.037270
0.077632 0.100079 0.772958 0.049331
0.069443 0.078842 0.807095 0.044620
0.072273 0.109870 0.780563 0.037295
0.077648 0.102978 0.787808 0.031565
0.076737 0.094931 0.807415 0.020917
0.082440 0.082543 0.794426 0.040591
0.003554 0.088060 0.869362 0.039024
0.008308 0.072495 0.833488 0.085709
0.006010 0.094289 0.844620 0.055080
0.000010 0.065112 0.864449 0.070429
0.000010 0.057346 0.851168 0.091476
0.003689 0.105201 0.792968 0.098141
0.012647 0.048088 0.847111 0.092154
0.002818 0.076973 0.857138 0.063071
0.009941 0.054420 0.864827 0.070812
0.007003 0.060596 0.843783 0.088618
0.000562 0.074011 0.857894 0.067532
0.010487 0.044492 0.871138 0.073882
0.010288 0.072125 0.829384 0.088203
0.008225 0.061927 0.854852 0.074996
0.005090 0.099017 0.856586 0.039306
0.012592 0.062334 0.864978 0.060095
0.015155 0.043610 0.857113 0.084122
0.005451 0.072681 0.855797 0.066071
0.009185 0.051417 0.847583 0.091815
0.003504 0.103969 0.835920 0.056608
0.011148 0.097302 0.822887 0.068663
0.002675 0.039241 0.871494 0.086591
0.001328 0.079933 0.843369 0.075369
0.015943 0.058207 0.843606 0.082244
0.009154 0.051389 0.860404 0.079053
0.004910 0.057611 0.887530 0.049949
0.007797 0.070660 0.859830 0.061714
0.009696 0.074581 0.844956 0.070767
0.015935 0.048546 0.854625 0.080895
0.002190 0.077982 0.881949 0.037880
0.007240 0.064767 0.854883 0.073110
0.000010 0.069800 0.869067 0.061123
0.007044 0.056785 0.873265 0.062906
0.007410 0.100959 0.831014 0.060617
0.000010 0.188597 0.145375 0.666018
0.000010 0.214665 0.180777 0.604548
0.000010 0.205437 0.137909 0.656644
0.000010 0.191834 0.159401 0.648755
0.000010 0.196162 0.163358 0.640469
0.000010 0.189541 0.205133 0.605315
0.000010 0.198151 0.161804 0.640035
0.000010 0.200655 0.159375 0.639961
0.000010 0.203764 0.179875 0.616350
0.000010 0.186753 0.186491 0.626747
0.000010 0.211331 0.155407 0.633252
0.000010 0.191629 0.172095 0.636267
0.000010 0.198335 0.182168 0.619487
0.000010 0.192442 0.195134 0.612413
0.000010 0.185863 0.157501 0.656626
0.000010 0.178612 0.135890 0.685488
0.000010 0.190711 0.171921 0.637357
0.000010 0.319084 0.024133 0.656773
0.000010 0.291058 0.015625 0.693307
0.000010 0.315267 0.027572 0.657151
0.000010 0.343240 0.007411 0.649338
0.000010 0.332535 0.026094 0.641361
0.001671 0.296637 0.007844 0.693848
0.000010 0.306869 0.022264 0.670857
0.000010 0.306847 0.015321 0.677822
0.000010 0.295937 0.028282 0.675772
0.000010 0.292191 0.025199 0.682600
0.004583 0.306248 0.022654 0.666515
0.000010 0.308157 0.017032 0.674801
0.005552 0.307058 0.007698 0.679691
0.000010 0.303287 0.000010 0.696693
0.000010 0.310465 0.024472 0.665053
0.000010 0.297356 0.000010 0.702624
0.000010 0.312676 0.041170 0.646145
0.001859 0.315314 0.004174 0.678653
0.001409 0.300405 0.003301 0.694885
0.000010 0.295554 0.000010 0.704426
0.002277 0.322578 0.020975 0.654170
0.000010 0.295662 0.034732 0.669596
0.000010 0.292513 0.048270 0.659206
0.001994 0.318869 0.006853 0.672285
0.000010 0.322774 0.004969 0.672248
0.000010 0.326413 0.027601 0.645977
0.002616 0.312736 0.013530 0.671118
0.000010 0.335320 0.029432 0.635238
0.000010 0.326951 0.017977 0.655062
0.000010 0.307772 0.015181 0.677038
0.000010 0.325767 0.000010 0.674213
0.000010 0.316817 0.004246 0.678927
0.003015 0.319726 0.000010 0.677250
0.000010 0.316089 0.036623 0.647278
0.000010 0.315837 0.015771 0.668381
0.000010 0.322831 0.025163 0.651996
0.000965 0.326179 0.019252 0.653604
0.000010 0.298316 0.047427 0.654247
0.000010 0.309410 0.000010 0.690570
0.004751 0.287193 0.056880 0.651177
0.000010 0.326713 0.005816 0.667461
0.001959 0.312970 0.032682 0.652389
0.000010 0.312803 0.029450 0.657737
0.001526 0.302472 0.003109 0.692894
0.000010 0.318872 0.023711 0.657408
0.000010 0.319087 0.045051 0.635852
0.003699 0.295568 0.041019 0.659715
0.000010 0.314545 0.000010 0.685435
0.000010 0.311121 0.004125 0.684743
0.000010 0.318705 0.000010 0.681275
0.000010 0.225740 0.193891 0.580358
0.000010 0.208313 0.208482 0.583194
0.000010 0.249600 0.215411 0.534979
0.001810 0.216789 0.179027 0.602374
0.000010 0.213439 0.194515 0.592036
0.000010 0.238379 0.207546 0.554064
0.000010 0.226930 0.184332 0.588728
0.000010 0.240485 0.197196 0.562309
0.000713 0.214118 0.189086 0.596083
0.000010 0.249603 0.201556 0.548831
0.000317 0.220208 0.185331 0.594144
0.000010 0.224110 0.151618 0.624263
0.000010 0.226050 0.198545 0.575394
0.000010 0.194182 0.213722 0.592087
0.000030 0.217950 0.000010 0.782010
0.000600 0.198903 0.000010 0.800487
0.001167 0.207030 0.000010 0.791793
0.004876 0.208017 0.002659 0.784447
0.000010 0.204311 0.001938 0.793741
0.000010 0.215845 0.011283 0.772862
0.000010 0.202543 0.040781 0.756667
0.000010 0.224852 0.000010 0.775128
0.001735 0.210278 0.025588 0.762399
0.000010 0.205859 0.023842 0.770288
0.000010 0.212776 0.008660 0.778554
0.004687 0.212970 0.008859 0.773484
0.190447 0.020869 0.708327 0.080356
0.191501 0.035429 0.710728 0.062342
0.198999 0.037407 0.682197 0.081396
0.193883 0.049062 0.690460 0.066595
0.000010 0.151867 0.138582 0.709541
0.000010 0.163934 0.155923 0.680133
0.001974 0.163928 0.115954 0.718144
0.000331 0.163720 0.153009 0.682940
0.000776 0.165541 0.126220 0.707463
0.000010 0.172337 0.141900 0.685753
0.000620 0.161652 0.135631 0.702096
0.001617 0.143843 0.131429 0.723111
0.000010 0.185779 0.145484 0.668726
0.000917 0.142838 0.151429 0.704816
0.001743 0.148569 0.174495 0.675193
0.005031 0.151849 0.153232 0.689888
0.000010 0.160722 0.117298 0.721970
0.000466 0.165820 0.134252 0.699462
0.000010 0.169537 0.135306 0.695147
0.009015 0.158664 0.120952 0.711369
0.000010 0.163450 0.134174 0.702367
0.001940 0.158519 0.122797 0.716743
0.003517 0.172303 0.109446 0.714734
0.004223 0.169587 0.133330 0.692860
0.000010 0.154330 0.142464 0.703196
0.000010 0.161145 0.140126 0.698719
0.003312 0.151120 0.141184 0.704384
0.000326 0.169870 0.128782 0.701021
0.000010 0.154867 0.106999 0.738124
0.000645 0.139564 0.103400 0.756391
0.001165 0.167498 0.111505 0.719832
0.006278 0.169529 0.136009 0.688184
0.000010 0.168975 0.121838 0.709177
0.000010 0.169075 0.142859 0.688056
0.000010 0.180498 0.119783 0.699709
0.002586 0.169522 0.121421 0.706471
0.027125 0.503458 0.058632 0.410785
0.018316 0.521069 0.103122 0.357493
0.024825 0.492299 0.071841 0.411034
0.017319 0.518895 0.075884 0.387902
0.022890 0.517896 0.066641 0.392572
0.025353 0.521924 0.070039 0.382684
0.019679 0.518467 0.091044 0.370810
0.027639 0.503970 0.089027 0.379365
0.029953 0.510226 0.062455 0.397367
0.018882 0.508502 0.085342 0.387275
0.036352 0.000010 0.963628 0.000010
0.035151 0.000010 0.964829 0.000010
0.030403 0.000010 0.969577 0.000010
0.034593 0.000010 0.965387 0.000010
0.033151 0.000010 0.966829 0.000010
0.035455 0.000010 0.964525 0.000010
0.034326 0.000010 0.965654 0.000010
0.037764 0.000010 0.962216 0.000010
0.035564 0.000010 0.964416 0.000010
0.000010 0.999970 0.000010 0.000010
0.000010 0.999970 0.000010 0.000010
0.000010 0.999970 0.000010 0.000010
0.011400 0.988580 0.000010 0.000010
0.007452 0.992528 0.000010 0.000010
0.000010 0.999970 0.000010 0.000010
0.004269 0.995711 0.000010 0.000010
0.000014 0.999966 0.000010 0.000010
0.000010 0.999970 0.000010 0.000010
0.000010 0.999970 0.000010 0.000010
0.002321 0.997659 0.000010 0.000010
0.000010 0.999970 0.000010 0.000010
0.013640 0.986340 0.000010 0.000010
0.000010 0.999970 0.000010 0.000010
0.014182 0.985798 0.000010 0.000010
0.007827 0.992153 0.000010 0.000010
0.007271 0.992709 0.000010 0.000010
0.000010 0.251943 0.036033 0.712014
0.000010 0.250453 0.043596 0.705940
0.000010 0.247706 0.048331 0.703953
0.006690 0.231487 0.047547 0.714276
0.001163 0.265101 0.048357 0.685379
0.005304 0.250561 0.029049 0.715086
0.000317 0.247417 0.055326 0.696940
0.000010 0.271345 0.037449 0.691196
0.006783 0.272339 0.025109 0.695768
0.000010 0.265956 0.031996 0.702038
0.005560 0.243610 0.047698 0.703133
0.006954 0.241413 0.061971 0.689663
0.000010 0.228413 0.055813 0.715764
0.005027 0.270787 0.024371 0.699815
0.010366 0.259812 0.027059 0.702763
0.000010 0.252082 0.051878 0.696029
0.000010 0.248594 0.042575 0.708821
0.004785 0.254290 0.029619 0.711306
0.002042 0.241918 0.064513 0.691527
0.000010 0.252085 0.054571 0.693334
0.000010 0.232123 0.055611 0.712256
0.000010 0.258400 0.007891 0.733699
0.004268 0.248479 0.028402 0.718852
0.006179 0.238867 0.040725 0.714229
0.000010 0.250498 0.065140 0.684352
0.000010 0.235752 0.025640 0.738598
0.001681 0.254401 0.050922 0.692995
0.000010 0.259904 0.056012 0.684074
0.000010 0.257637 0.042774 0.699579
0.000010 0.065252 0.890927 0.043811
0.000010 0.050365 0.949615 0.000010
0.000010 0.046582 0.898597 0.054811
0.000010 0.069268 0.870257 0.060465
0.000010 0.049439 0.913206 0.037345
0.000010 0.030912 0.912493 0.056584
0.000010 0.048731 0.908027 0.043232
0.000010 0.061505 0.915027 0.023459
0.012599 0.054578 0.026867 0.905957
0.002302 0.054566 0.034619 0.908513
0.010827 0.040389 0.042207 0.906576
0.005180 0.063107 0.013737 0.917976
0.001080 0.069084 0.014435 0.915400
0.010489 0.026900 0.028398 0.934214
0.001351 0.065072 0.003398 0.930180
0.000155 0.043095 0.019695 0.937055
0.002626 0.071656 0.001158 0.924560
0.005112 0.058618 0.020340 0.915931
0.008318 0.031828 0.038782 0.921072
0.001319 0.077942 0.014983 0.905756
0.005683 0.042128 0.039454 0.912735
0.003642 0.059202 0.034263 0.902894
0.006909 0.043903 0.030352 0.918835
0.000010 0.056639 0.021966 0.921384
0.004734 0.049269 0.042334 0.903664
0.005934 0.047388 0.020547 0.926131
0.000010 0.065952 0.000010 0.934028
0.001891 0.062279 0.044971 0.890859
0.012107 0.034060 0.029727 0.924106
0.000010 0.073646 0.018207 0.908137
0.007005 0.028471 0.040472 0.924052
0.000357 0.033334 0.033992 0.932317
0.009526 0.026208 0.039769 0.924497
0.000010 0.052886 0.016583 0.930521
0.054286 0.000010 0.945694 0.000010
0.037017 0.000010 0.962963 0.000010
0.047543 0.000010 0.949758 0.002689
0.039038 0.000010 0.960942 0.000010
0.035979 0.000286 0.961009 0.002726
0.042608 0.000010 0.957372 0.000010
0.046986 0.000010 0.952994 0.000010
0.152197 0.254701 0.205423 0.387679
0.161698 0.268149 0.197655 0.372498
0.146969 0.263108 0.221563 0.368361
0.150802 0.273711 0.207985 0.367503
0.150866 0.292616 0.203473 0.353046
0.161354 0.259669 0.187038 0.391940
0.147464 0.286794 0.170841 0.394902
0.162302 0.240533 0.211837 0.385327
0.148555 0.269929 0.200938 0.380578
0.152798 0.277191 0.191114 0.378896
0.145427 0.271752 0.184364 0.398457
0.153176 0.269671 0.220437 0.356717
0.147928 0.272334 0.185704 0.394034
0.151554 0.249419 0.193652 0.405375
0.156459 0.286117 0.175385 0.382039
0.154947 0.262611 0.168627 0.413815
0.158802 0.274038 0.158156 0.409004
0.154214 0.258308 0.215365 0.372113
0.157006 0.278234 0.185549 0.379210
0.155082 0.277798 0.190979 0.376141
0.154796 0.288704 0.210566 0.345933
0.155959 0.283199 0.189250 0.371592
0.150619 0.306889 0.181658 0.360834
0.147363 0.275619 0.198491 0.378527
0.162003 0.246294 0.204195 0.387509
0.153377 0.287997 0.139838 0.418788
0.133227 0.217142 0.284564 0.365067
0.139654 0.205837 0.296137 0.358372
0.134079 0.248299 0.290072 0.327550
0.130574 0.212271 0.308380 0.348775
0.131848 0.216790 0.307394 0.343968
0.141982 0.235046 0.257656 0.365316
0.131616 0.202446 0.290867 0.375071
0.140761 0.229584 0.266508 0.363148
0.140302 0.235828 0.281648 0.342222
0.121778 0.202000 0.304008 0.372214
0.138351 0.222152 0.295296 0.344200
0.135499 0.224031 0.278719 0.361751
0.134472 0.217065 0.291184 0.357280
0.011560 0.079717 0.829470 0.079253
0.007271 0.069283 0.854770 0.068676
0.009994 0.060285 0.856053 0.073668
0.014961 0.085049 0.836859 0.063131
0.000010 0.080452 0.842581 0.076957
0.010835 0.094053 0.797834 0.097278
0.018648 0.079905 0.811710 0.089737
0.018976 0.056824 0.861211 0.062989
0.000563 0.000010 0.016593 0.982834
0.007908 0.000010 0.004344 0.987738
0.000010 0.021691 0.019401 0.958898
0.001578 0.000010 0.000010 0.998402
0.002259 0.000076 0.015412 0.982254
0.004205 0.002092 0.011719 0.981984
0.001512 0.000010 0.014151 0.984326
0.000010 0.000010 0.000010 0.999970
0.000010 0.000010 0.000010 0.999970
0.000010 0.000010 0.001817 0.998163
0.006216 0.000010 0.000010 0.993764
0.000811 0.000010 0.000010 0.999169
0.000010 0.000010 0.000010 0.999970
0.004614 0.000010 0.004719 0.990657
0.001069 0.000010 0.000010 0.998911
0.000718 0.000010 0.000010 0.999262
0.005110 0.000010 0.000010 0.994870
0.000010 0.000010 0.000010 0.999970
0.003618 0.000010 0.000010 0.996362
0.004654 0.000010 0.000010 0.995326
0.000010 0.000010 0.000010 0.999970
0.002311 0.000010 0.000010 0.997669
0.000010 0.000010 0.000010 0.999970
0.006630 0.000010 0.000010 0.993350
0.004452 0.000010 0.000010 0.995528
0.000010 0.000010 0.000010 0.999970
0.008818 0.000010 0.000010 0.991162
0.005352 0.000010 0.000010 0.994628
0.001872 0.000010 0.000010 0.998108
0.000010 0.001797 0.000010 0.998183
0.008462 0.000010 0.000010 0.991518
0.009631 0.000010 0.000010 0.990349
0.000010 0.000010 0.000010 0.999970
0.170676 0.003504 0.803017 0.022803
0.156197 0.000010 0.799965 0.043828
0.172451 0.000010 0.803685 0.023854
0.168144 0.000010 0.831836 0.000010
0.045379 0.000010 0.954601 0.000010
0.048087 0.000010 0.951893 0.000010
0.045707 0.000010 0.954273 0.000010
0.044020 0.000010 0.955960 0.000010
0.051958 0.000010 0.948022 0.000010
0.000010 0.056289 0.083197 0.860504
0.000010 0.075426 0.074271 0.850293
0.000010 0.083113 0.062580 0.854297
0.000010 0.063982 0.052232 0.883776
0.003376 0.059443 0.082308 0.854872
0.012932 0.087973 0.062132 0.836963
0.999970 0.000010 0.000010 0.000010
0.999970 0.000010 0.000010 0.000010
0.999966 0.000010 0.000014 0.000010
0.999970 0.000010 0.000010 0.000010
0.999970 0.000010 0.000010 0.000010
0.999970 0.000010 0.000010 0.000010
0.779419 0.033094 0.100625 0.086862
0.999970 0.000010 0.000010 0.000010
0.415398 0.446860 0.046908 0.090834
0.999970 0.000010 0.000010 0.000010
