0.000021  0.000021  0.999958
0.000021  0.000021  0.999958
0.000021  0.000021  0.999958
0.000021  0.000021  0.999958
0.000021  0.000021  0.999958
0.000021  0.000021  0.999958
0.000021  0.000021  0.999958
0.000021  0.000021  0.999958
0.000021  0.000021  0.999958
0.000021  0.000021  0.999958
0.000021  0.000021  0.999958
0.000021  0.000021  0.999958
0.000021  0.000021  0.999958
0.000021  0.000021  0.999958
0.000021  0.000021  0.999958
0.000021  0.000021  0.999958
0.000021  0.000021  0.999958
0.000021  0.000021  0.999958
0.000021  0.000021  0.999958
0.000021  0.000021  0.999958
0.000021  0.000021  0.999958
0.000021  0.000021  0.999958
0.000021  0.000021  0.999958
0.000021  0.034268  0.965711
0.000021  0.028259  0.971720
0.000021  0.000021  0.999958
0.000021  0.000021  0.999958
0.000021  0.000021  0.999958
0.000021  0.026642  0.973337
0.000021  0.000021  0.999958
0.000021  0.231349  0.768630
0.000021  0.202999  0.796980
0.000021  0.222172  0.777807
0.000021  0.192488  0.807492
0.000021  0.224623  0.775356
0.000021  0.222341  0.777638
0.000021  0.236731  0.763249
0.000021  0.220068  0.779911
0.000021  0.224553  0.775426
0.000021  0.207934  0.792045
0.000021  0.445370  0.554609
0.000021  0.433564  0.566415
0.000021  0.471928  0.528051
0.000021  0.476787  0.523192
0.000021  0.466518  0.533462
0.000021  0.481230  0.518749
0.000021  0.459343  0.540636
0.000021  0.471871  0.528108
0.000021  0.493627  0.506352
0.000021  0.485176  0.514803
0.000021  0.641535  0.358444
0.000021  0.673566  0.326413
0.000021  0.653022  0.346957
0.000021  0.659258  0.340722
0.000021  0.631102  0.368877
0.000021  0.672719  0.327260
0.000021  0.682594  0.317385
0.000021  0.635853  0.364126
0.000021  0.644488  0.355491
0.000021  0.663909  0.336070
0.123894  0.000021  0.876085
0.108648  0.000021  0.891331
0.115146  0.000021  0.884833
0.122088  0.000021  0.877891
0.120566  0.000021  0.879413
0.130619  0.000021  0.869360
0.136249  0.000021  0.863730
0.111886  0.000021  0.888093
0.110959  0.000021  0.889020
0.122215  0.000021  0.877764
0.064709  0.000021  0.935270
0.057012  0.000021  0.942967
0.067315  0.000021  0.932664
0.000021  0.000021  0.999958
0.000021  0.000021  0.999958
0.042215  0.000021  0.957764
0.067894  0.000021  0.932085
0.000021  0.000021  0.999957
0.048316  0.000021  0.951663
0.049549  0.000021  0.950430
0.000021  0.053266  0.946713
0.000021  0.052560  0.947419
0.000021  0.049134  0.950845
0.000021  0.065301  0.934678
0.000021  0.062688  0.937291
0.000021  0.049466  0.950513
0.000021  0.052104  0.947875
0.000021  0.042858  0.957121
0.000021  0.054413  0.945566
0.000021  0.054973  0.945006
0.000021  0.327212  0.672767
0.000021  0.329203  0.670776
0.000021  0.318188  0.681791
0.000021  0.336370  0.663609
0.000021  0.326185  0.673794
0.000021  0.323925  0.676054
0.000021  0.336595  0.663384
0.000021  0.309878  0.690101
0.000021  0.332435  0.667544
0.000021  0.342073  0.657906
0.000021  0.608449  0.391530
0.000021  0.583587  0.416392
0.000021  0.601189  0.398790
0.000021  0.607026  0.392954
0.000021  0.601999  0.397980
0.000021  0.607896  0.392083
0.000021  0.604273  0.395706
0.000021  0.580382  0.419597
0.000021  0.594789  0.405190
0.000021  0.631398  0.368581
0.000021  0.775361  0.224618
0.000021  0.781788  0.218191
0.000021  0.776564  0.223415
0.000021  0.776688  0.223291
0.000021  0.789274  0.210705
0.000021  0.766655  0.233324
0.000021  0.772022  0.227957
0.000021  0.771306  0.228673
0.000021  0.780140  0.219839
0.000021  0.786502  0.213477
0.419149  0.000021  0.580831
0.420138  0.000021  0.579842
0.458172  0.000021  0.541807
0.430857  0.000021  0.569122
0.422860  0.000021  0.577119
0.451327  0.000021  0.548652
0.447415  0.000021  0.552564
0.454135  0.000021  0.545844
0.427276  0.000021  0.572703
0.438687  0.000021  0.561292
0.365619  0.000021  0.634360
0.385270  0.000021  0.614710
0.346706  0.000021  0.653273
0.339333  0.000021  0.660646
0.354342  0.000021  0.645637
0.345249  0.000021  0.654730
0.365790  0.000021  0.634189
0.367473  0.000021  0.632506
0.370289  0.000021  0.629690
0.368826  0.000021  0.631153
0.278131  0.132161  0.589708
0.221221  0.171828  0.606952
0.245867  0.146354  0.607778
0.222616  0.156304  0.621081
0.219306  0.141060  0.639634
0.231291  0.173670  0.595039
0.241086  0.124986  0.633928
0.240222  0.150823  0.608956
0.270961  0.122009  0.607030
0.245077  0.153964  0.600959
0.056511  0.518529  0.424959
0.053835  0.519176  0.426989
0.043771  0.514124  0.442106
0.068760  0.512612  0.418627
0.045168  0.534495  0.420338
0.072936  0.505083  0.421981
0.087908  0.509385  0.402707
0.042165  0.533350  0.424485
0.047146  0.514292  0.438561
0.068546  0.530079  0.401375
0.000021  0.821485  0.178494
0.000021  0.832649  0.167330
0.000021  0.831243  0.168736
0.000021  0.843467  0.156512
0.000021  0.818038  0.181941
0.000021  0.828377  0.171601
0.000021  0.828305  0.171674
0.000021  0.808206  0.191773
0.000021  0.832029  0.167950
0.000021  0.825535  0.174443
0.000021  0.999958  0.000021
0.000021  0.999957  0.000021
0.000021  0.999958  0.000021
0.000021  0.999957  0.000021
0.000021  0.999958  0.000021
0.000021  0.999958  0.000021
0.000021  0.964120  0.035859
0.000021  0.999958  0.000021
0.000021  0.999958  0.000021
0.000021  0.999958  0.000021
0.788685  0.000021  0.211294
0.775231  0.000021  0.224748
0.787662  0.000021  0.212317
0.814410  0.000021  0.185569
0.796989  0.000021  0.202990
0.803448  0.000021  0.196531
0.802133  0.000021  0.197846
0.796623  0.000021  0.203356
0.789916  0.000021  0.210063
0.782408  0.000021  0.217572
0.805183  0.000021  0.194796
0.819334  0.000021  0.180645
0.806544  0.000021  0.193435
0.789704  0.000021  0.210275
0.791264  0.000021  0.208715
0.793800  0.000021  0.206179
0.816729  0.000021  0.183250
0.784076  0.000021  0.215903
0.802848  0.000021  0.197131
0.795517  0.000021  0.204462
0.636994  0.154239  0.208767
0.666841  0.135845  0.197313
0.677237  0.152016  0.170747
0.638958  0.158248  0.202794
0.664152  0.133574  0.202273
0.664845  0.137588  0.197568
0.662345  0.163753  0.173902
0.685990  0.129423  0.184588
0.628732  0.153680  0.217588
0.651982  0.166986  0.181033
0.319486  0.600263  0.080251
0.314271  0.607438  0.078291
0.314167  0.621048  0.064785
0.339414  0.613054  0.047532
0.307520  0.600069  0.092411
0.291169  0.597645  0.111186
0.328431  0.593299  0.078270
0.297915  0.603879  0.098206
0.300160  0.592999  0.106841
0.325272  0.592871  0.081856
0.066791  0.933188  0.000021
0.055041  0.944938  0.000021
0.000021  0.999957  0.000021
0.052889  0.947090  0.000021
0.039309  0.960670  0.000021
0.034783  0.965196  0.000021
0.066008  0.933971  0.000021
0.044126  0.955853  0.000021
0.058278  0.941701  0.000021
0.000021  0.999957  0.000021
0.000021  0.999958  0.000021
0.000021  0.999958  0.000021
0.000021  0.999958  0.000021
0.000021  0.999958  0.000021
0.000021  0.999958  0.000021
0.000021  0.999958  0.000021
0.000021  0.999958  0.000021
0.000021  0.999958  0.000021
0.000021  0.999958  0.000021
0.000021  0.999958  0.000021
0.999958  0.000021  0.000021
0.999958  0.000021  0.000021
0.999958  0.000021  0.000021
0.999958  0.000021  0.000021
0.999958  0.000021  0.000021
0.999958  0.000021  0.000021
0.999960  0.000021  0.000019
0.999958  0.000021  0.000021
0.999958  0.000021  0.000021
0.999958  0.000021  0.000021
0.999958  0.000021  0.000021
0.999958  0.000021  0.000021
0.999958  0.000021  0.000021
0.999958  0.000021  0.000021
0.999958  0.000021  0.000021
0.999958  0.000021  0.000021
0.999958  0.000021  0.000021
0.999958  0.000021  0.000021
0.999958  0.000021  0.000021
0.999958  0.000021  0.000021
0.874620  0.125359  0.000021
0.893267  0.106712  0.000021
0.879842  0.120137  0.000021
0.872717  0.127262  0.000021
0.874387  0.125592  0.000021
0.865182  0.134797  0.000021
0.868461  0.131518  0.000021
0.876472  0.123507  0.000021
0.891540  0.108439  0.000021
0.903963  0.096015  0.000021
0.516592  0.483387  0.000021
0.502288  0.497691  0.000021
0.496610  0.503369  0.000021
0.524020  0.475959  0.000021
0.488083  0.511896  0.000021
0.503754  0.496225  0.000021
0.522697  0.477282  0.000021
0.478530  0.521449  0.000021
0.492751  0.507229  0.000021
0.458880  0.541099  0.000021
0.158294  0.841685  0.000021
0.136475  0.863504  0.000021
0.113900  0.886079  0.000021
0.139548  0.860431  0.000021
0.136782  0.863197  0.000021
0.137784  0.862195  0.000021
0.156577  0.843402  0.000021
0.151275  0.848704  0.000021
0.168533  0.831446  0.000021
0.148909  0.851070  0.000021
0.000021  0.999958  0.000021
0.000021  0.999958  0.000021
0.000021  0.999958  0.000021
0.000021  0.999958  0.000021
0.000021  0.999958  0.000021
0.000021  0.999958  0.000021
0.000021  0.999958  0.000021
0.000021  0.999958  0.000021
0.000021  0.999958  0.000021
0.000021  0.999958  0.000021
0.999958  0.000021  0.000021
0.999958  0.000021  0.000021
0.999958  0.000021  0.000021
0.999958  0.000021  0.000021
0.999958  0.000021  0.000021
0.999958  0.000021  0.000021
0.999958  0.000021  0.000021
0.999958  0.000021  0.000021
0.999958  0.000021  0.000021
0.999958  0.000021  0.000021
0.999958  0.000021  0.000021
0.999958  0.000021  0.000021
0.999958  0.000021  0.000021
0.999958  0.000021  0.000021
0.999958  0.000021  0.000021
0.999958  0.000021  0.000021
0.999958  0.000021  0.000021
0.999958  0.000021  0.000021
0.999958  0.000021  0.000021
0.999958  0.000021  0.000021
0.886618  0.113362  0.000021
0.911389  0.088590  0.000021
0.888425  0.111554  0.000021
0.912636  0.087343  0.000021
0.900497  0.099482  0.000021
0.904957  0.095022  0.000021
0.876274  0.123705  0.000021
0.913518  0.086461  0.000021
0.905514  0.094465  0.000021
0.890185  0.109794  0.000021
0.601700  0.398279  0.000021
0.614410  0.385569  0.000021
0.603039  0.396941  0.000021
0.605312  0.394667  0.000021
0.602511  0.397468  0.000021
0.638575  0.361405  0.000021
0.618307  0.381673  0.000021
0.622165  0.377814  0.000021
0.588369  0.411611  0.000021
0.622202  0.377778  0.000021
0.245327  0.754652  0.000021
0.256802  0.743177  0.000021
0.266268  0.733711  0.000021
0.258168  0.741811  0.000021
0.265704  0.734275  0.000021
0.263856  0.736123  0.000021
0.241202  0.758777  0.000021
0.260606  0.739373  0.000021
0.270145  0.729834  0.000021
0.266090  0.733889  0.000021
0.089516  0.910463  0.000021
0.096008  0.903971  0.000021
0.084366  0.915613  0.000021
0.072552  0.927427  0.000021
0.083778  0.916202  0.000021
0.084745  0.915234  0.000021
0.103073  0.896906  0.000021
0.094543  0.905436  0.000021
0.078358  0.921622  0.000021
0.089876  0.910103  0.000021
