0.000010  0.000010  0.000010  0.999959  0.000010
0.000010  0.000010  0.000010  0.999959  0.000010
0.000010  0.000010  0.000010  0.999959  0.000010
0.000010  0.000010  0.000010  0.999959  0.000010
0.000010  0.000010  0.000010  0.999959  0.000010
0.000010  0.000010  0.000010  0.999959  0.000010
0.000010  0.000010  0.000010  0.999906  0.000063
0.000010  0.000010  0.000010  0.999959  0.000010
0.000010  0.000010  0.000010  0.999959  0.000010
0.000010  0.000010  0.000010  0.999959  0.000010
0.000010  0.000010  0.000010  0.999960  0.000010
0.000010  0.000010  0.000010  0.999960  0.000010
0.000010  0.000010  0.000010  0.999960  0.000010
0.000010  0.000010  0.000010  0.999960  0.000010
0.000010  0.000010  0.000010  0.999960  0.000010
0.000010  0.000010  0.000010  0.999960  0.000010
0.000010  0.000010  0.000010  0.999960  0.000010
0.000010  0.000010  0.000010  0.999960  0.000010
0.000010  0.000010  0.000010  0.999960  0.000010
0.000010  0.000010  0.000010  0.999960  0.000010
0.000010  0.039518  0.000010  0.960452  0.000010
0.027264  0.016673  0.000010  0.956043  0.000010
0.031113  0.009448  0.000010  0.959419  0.000010
0.012254  0.028729  0.000010  0.958997  0.000010
0.030368  0.012708  0.000010  0.956904  0.000010
0.024650  0.014151  0.000010  0.961179  0.000010
0.042166  0.000010  0.000010  0.957804  0.000010
0.000010  0.040578  0.000010  0.959392  0.000010
0.025131  0.013671  0.000010  0.961178  0.000010
0.018423  0.022518  0.000010  0.959040  0.000010
0.019434  0.000010  0.000010  0.980536  0.000010
0.020817  0.000010  0.000010  0.979153  0.000010
0.016366  0.000010  0.000010  0.983604  0.000010
0.020451  0.000010  0.000010  0.979519  0.000010
0.015440  0.002666  0.000010  0.981874  0.000010
0.011211  0.010081  0.000010  0.978688  0.000010
0.012110  0.005197  0.000010  0.982673  0.000010
0.021284  0.000010  0.000010  0.978686  0.000010
0.017407  0.000010  0.000010  0.982563  0.000010
0.016841  0.004517  0.000010  0.978622  0.000010
0.000010  0.000010  0.000010  0.999960  0.000010
0.000010  0.000010  0.000010  0.999960  0.000010
0.000010  0.000010  0.000010  0.999960  0.000010
0.000010  0.000010  0.000010  0.999960  0.000010
0.000010  0.000010  0.000010  0.999960  0.000010
0.000010  0.000010  0.000010  0.999960  0.000010
0.000010  0.000010  0.000010  0.999960  0.000010
0.000010  0.000010  0.000010  0.999960  0.000010
0.000010  0.000010  0.000010  0.999960  0.000010
0.000010  0.000010  0.000010  0.999960  0.000010
0.460575  0.013678  0.000010  0.525727  0.000010
0.466595  0.004489  0.000010  0.528896  0.000010
0.427900  0.045501  0.000010  0.526579  0.000010
0.435913  0.036027  0.000010  0.528040  0.000010
0.409884  0.049156  0.000010  0.540940  0.000010
0.443795  0.027926  0.000010  0.528260  0.000010
0.455636  0.008912  0.000010  0.535432  0.000010
0.447995  0.016922  0.000010  0.535063  0.000010
0.460162  0.014325  0.000010  0.525494  0.000010
0.413652  0.044158  0.000010  0.542170  0.000010
0.000010  0.000010  0.000010  0.138673  0.861297
0.000010  0.000010  0.000010  0.134556  0.865414
0.000010  0.000010  0.000010  0.142940  0.857030
0.000010  0.000010  0.000010  0.129293  0.870677
0.000010  0.000010  0.000010  0.132667  0.867303
0.000010  0.000010  0.000010  0.139035  0.860935
0.000010  0.000010  0.011573  0.147591  0.840817
0.000010  0.000010  0.000010  0.127353  0.872617
0.000010  0.000010  0.000010  0.133917  0.866053
0.000010  0.000010  0.000010  0.137128  0.862842
0.000010  0.000010  0.000010  0.908933  0.091037
0.000010  0.000010  0.012503  0.910335  0.077142
0.000010  0.000010  0.000010  0.908946  0.091024
0.000010  0.000010  0.012714  0.912348  0.074917
0.000010  0.000010  0.005639  0.911057  0.083284
0.000010  0.000010  0.015983  0.904779  0.079219
0.000010  0.000010  0.012027  0.914752  0.073201
0.000010  0.000010  0.008284  0.912512  0.079184
0.000010  0.000010  0.000010  0.920495  0.079475
0.000010  0.000010  0.000010  0.918409  0.081561
0.000010  0.000010  0.041909  0.825440  0.132631
0.000010  0.000010  0.051123  0.818049  0.130807
0.000010  0.000010  0.036722  0.824309  0.138949
0.000010  0.000010  0.075327  0.814402  0.110251
0.000010  0.000010  0.027652  0.820243  0.152084
0.000010  0.000010  0.055036  0.827304  0.117640
0.000010  0.000010  0.068350  0.823627  0.108003
0.000010  0.000010  0.030820  0.821519  0.147641
0.000010  0.000010  0.033831  0.820148  0.146001
0.000010  0.000010  0.031331  0.826627  0.142022
0.000010  0.000010  0.000010  0.999959  0.000010
0.000010  0.000010  0.000010  0.999959  0.000010
0.000010  0.000010  0.000010  0.999959  0.000010
0.000010  0.000010  0.000010  0.999959  0.000010
0.000010  0.000010  0.000010  0.999959  0.000010
0.000010  0.000010  0.000010  0.999959  0.000010
0.000010  0.000010  0.000010  0.999959  0.000010
0.000010  0.000010  0.000010  0.999959  0.000010
0.000010  0.000010  0.000010  0.999960  0.000010
0.000010  0.000010  0.000010  0.999959  0.000010
0.915998  0.083972  0.000010  0.000010  0.000010
0.894102  0.105868  0.000010  0.000010  0.000010
0.873081  0.126888  0.000010  0.000010  0.000010
0.870714  0.129183  0.000010  0.000083  0.000010
0.898807  0.101163  0.000010  0.000010  0.000010
0.892043  0.107926  0.000010  0.000010  0.000010
0.913034  0.086936  0.000010  0.000010  0.000010
0.929255  0.070714  0.000010  0.000010  0.000010
0.909378  0.090591  0.000010  0.000010  0.000010
0.903004  0.096965  0.000010  0.000010  0.000010
0.946937  0.053032  0.000010  0.000010  0.000010
0.968259  0.031711  0.000010  0.000010  0.000010
0.963238  0.036732  0.000010  0.000010  0.000010
0.966314  0.033656  0.000010  0.000010  0.000010
0.951412  0.048558  0.000010  0.000010  0.000010
0.933093  0.066877  0.000010  0.000010  0.000010
0.970707  0.029263  0.000010  0.000010  0.000010
0.925233  0.074737  0.000010  0.000010  0.000010
0.941515  0.058454  0.000010  0.000010  0.000010
0.949219  0.050750  0.000010  0.000010  0.000010
0.000010  0.000010  0.000010  0.000010  0.999960
0.000010  0.000010  0.000010  0.000010  0.999960
0.000010  0.000010  0.000010  0.000010  0.999960
0.000010  0.000010  0.000010  0.000010  0.999960
0.000010  0.000010  0.000010  0.000010  0.999960
0.000010  0.000010  0.000010  0.000010  0.999960
0.000010  0.000010  0.000010  0.000010  0.999960
0.000010  0.000010  0.000010  0.000010  0.999960
0.000010  0.000010  0.000010  0.000010  0.999960
0.000010  0.000010  0.000010  0.000010  0.999960
0.000010  0.000010  0.000010  0.999959  0.000010
0.000010  0.000010  0.000010  0.999960  0.000010
0.000010  0.000010  0.000010  0.999959  0.000010
0.000010  0.000010  0.000010  0.999960  0.000010
0.000010  0.000010  0.000010  0.999959  0.000010
0.000010  0.000010  0.000010  0.999960  0.000010
0.000010  0.000010  0.000010  0.999959  0.000010
0.000010  0.000010  0.000010  0.999959  0.000010
0.000010  0.000010  0.000010  0.999959  0.000010
0.000010  0.000010  0.000010  0.999960  0.000010
0.000010  0.000010  0.000010  0.999959  0.000010
0.000010  0.000010  0.000010  0.999960  0.000010
0.000010  0.000010  0.000010  0.999959  0.000010
0.000010  0.000010  0.000010  0.999959  0.000010
0.000010  0.000010  0.000010  0.999959  0.000010
0.000010  0.000010  0.000010  0.999960  0.000010
0.000010  0.000010  0.000010  0.999960  0.000010
0.000010  0.000010  0.000010  0.999959  0.000010
0.000010  0.000010  0.000010  0.999959  0.000010
0.000010  0.000010  0.000010  0.999959  0.000010
0.588051  0.411918  0.000010  0.000010  0.000010
0.590066  0.409903  0.000010  0.000010  0.000010
0.621539  0.378430  0.000010  0.000010  0.000010
0.656268  0.343701  0.000010  0.000010  0.000010
0.635375  0.364594  0.000010  0.000010  0.000010
0.631787  0.368183  0.000010  0.000010  0.000010
0.636988  0.362982  0.000010  0.000010  0.000010
0.635886  0.364083  0.000010  0.000010  0.000010
0.653283  0.346687  0.000010  0.000010  0.000010
0.629797  0.370173  0.000010  0.000010  0.000010
0.869377  0.130593  0.000010  0.000010  0.000010
0.830098  0.169872  0.000010  0.000010  0.000010
0.840283  0.159687  0.000010  0.000010  0.000010
0.827794  0.172175  0.000010  0.000010  0.000010
0.850207  0.149763  0.000010  0.000010  0.000010
0.830009  0.169961  0.000010  0.000010  0.000010
0.795236  0.204734  0.000010  0.000010  0.000010
0.882556  0.117414  0.000010  0.000010  0.000010
0.828844  0.171125  0.000010  0.000010  0.000010
0.869168  0.130801  0.000010  0.000010  0.000010
0.771241  0.152697  0.000010  0.076042  0.000010
0.807418  0.124492  0.000010  0.068069  0.000010
0.841978  0.089245  0.000010  0.068757  0.000010
0.834327  0.091589  0.000010  0.074064  0.000010
0.832711  0.102411  0.000010  0.064858  0.000010
0.785443  0.138020  0.000010  0.076516  0.000010
0.810888  0.114996  0.000010  0.074096  0.000010
0.844864  0.087312  0.000010  0.067804  0.000010
0.812029  0.110859  0.000010  0.077091  0.000010
0.845584  0.086883  0.000010  0.067513  0.000010
0.000010  0.000010  0.567037  0.000010  0.432933
0.000010  0.000010  0.575448  0.000010  0.424521
0.000010  0.000010  0.594316  0.000010  0.405653
0.000010  0.000010  0.608923  0.000010  0.391047
0.000010  0.000010  0.596769  0.000010  0.403200
0.000010  0.000010  0.588117  0.000010  0.411852
0.000010  0.000010  0.554166  0.000010  0.445804
0.000010  0.000010  0.590154  0.000010  0.409815
0.000010  0.000010  0.569540  0.000010  0.430429
0.000010  0.000010  0.582987  0.000010  0.416982
0.000010  0.000010  0.744284  0.000010  0.255686
0.000010  0.000010  0.701819  0.000010  0.298150
0.000010  0.000010  0.737745  0.000010  0.262225
0.000010  0.000010  0.720139  0.000010  0.279830
0.000010  0.000010  0.722995  0.000010  0.276975
0.000010  0.000010  0.775535  0.000010  0.224435
0.000010  0.000010  0.720880  0.000010  0.279090
0.000010  0.000010  0.727900  0.000010  0.272069
0.000010  0.000010  0.741969  0.000010  0.258000
0.000010  0.000010  0.700761  0.000010  0.299208
0.103288  0.361626  0.281180  0.000010  0.253896
0.149025  0.325857  0.317424  0.000010  0.207684
0.115259  0.334864  0.319616  0.000010  0.230252
0.132819  0.330599  0.325715  0.000010  0.210857
0.110869  0.357889  0.327743  0.000010  0.203490
0.103783  0.358243  0.351705  0.000010  0.186259
0.114816  0.348588  0.273359  0.000010  0.263227
0.123308  0.353359  0.313066  0.000010  0.210257
0.142422  0.329668  0.340126  0.000010  0.187774
0.092376  0.368898  0.319502  0.000010  0.219215
0.294927  0.705042  0.000010  0.000010  0.000010
0.250752  0.749217  0.000010  0.000010  0.000010
0.273914  0.726055  0.000010  0.000010  0.000010
0.263780  0.736189  0.000010  0.000010  0.000010
0.280847  0.719122  0.000010  0.000010  0.000010
0.266254  0.733715  0.000010  0.000010  0.000010
0.271908  0.728061  0.000010  0.000010  0.000010
0.258540  0.741429  0.000010  0.000010  0.000010
0.283972  0.715998  0.000010  0.000010  0.000010
0.291095  0.708874  0.000010  0.000010  0.000010
0.384010  0.615960  0.000010  0.000010  0.000010
0.301385  0.698584  0.000010  0.000010  0.000010
0.346451  0.653519  0.000010  0.000010  0.000010
0.356329  0.643641  0.000010  0.000010  0.000010
0.343224  0.656746  0.000010  0.000010  0.000010
0.327143  0.672827  0.000010  0.000010  0.000010
0.356785  0.643185  0.000010  0.000010  0.000010
0.326540  0.673430  0.000010  0.000010  0.000010
0.343121  0.656849  0.000010  0.000010  0.000010
0.362005  0.637965  0.000010  0.000010  0.000010
0.386116  0.332435  0.000010  0.281428  0.000010
0.416926  0.296555  0.000010  0.286498  0.000010
0.406091  0.318320  0.000010  0.275569  0.000010
0.402543  0.312415  0.000010  0.285022  0.000010
0.382744  0.333165  0.000010  0.284071  0.000010
0.419283  0.304424  0.000010  0.276273  0.000010
0.394341  0.329827  0.000010  0.275812  0.000010
0.385351  0.326576  0.000010  0.288053  0.000010
0.419735  0.301293  0.000010  0.278951  0.000010
0.408705  0.313837  0.000010  0.277438  0.000010
0.000010  0.000010  0.999960  0.000010  0.000010
0.000010  0.000010  0.999959  0.000010  0.000010
0.000010  0.000010  0.999959  0.000010  0.000010
0.000010  0.000010  0.964945  0.000010  0.035024
0.000010  0.000010  0.999959  0.000010  0.000010
0.000010  0.000010  0.999959  0.000010  0.000010
0.000010  0.000010  0.999960  0.000010  0.000010
0.000010  0.000010  0.999959  0.000010  0.000010
0.000010  0.000010  0.999959  0.000010  0.000010
0.000010  0.000010  0.999959  0.000010  0.000010
0.065634  0.771395  0.162951  0.000010  0.000010
0.074274  0.756302  0.149825  0.000010  0.019590
0.088211  0.744858  0.155860  0.000010  0.011061
0.051904  0.787984  0.160091  0.000010  0.000010
0.070286  0.762956  0.166738  0.000010  0.000010
0.082836  0.746177  0.159764  0.000010  0.011213
0.051433  0.776058  0.172489  0.000010  0.000010
0.075417  0.759620  0.125746  0.000010  0.039206
0.039682  0.797276  0.125496  0.000010  0.037536
0.066473  0.763448  0.170059  0.000010  0.000010
0.029809  0.511667  0.458504  0.000010  0.000010
0.042790  0.505488  0.432389  0.000010  0.019324
0.013289  0.542311  0.444380  0.000010  0.000010
0.017092  0.540767  0.429537  0.000010  0.012594
0.028754  0.516829  0.454397  0.000010  0.000010
0.027352  0.513801  0.458827  0.000010  0.000010
0.011556  0.549387  0.439037  0.000010  0.000010
0.028075  0.518398  0.453506  0.000010  0.000010
0.011419  0.527081  0.445366  0.000010  0.016124
0.019743  0.521086  0.459150  0.000010  0.000010
0.022936  0.977034  0.000010  0.000010  0.000010
0.005317  0.994653  0.000010  0.000010  0.000010
0.027435  0.972534  0.000010  0.000010  0.000010
0.019349  0.980621  0.000010  0.000010  0.000010
0.021502  0.978467  0.000010  0.000010  0.000010
0.004416  0.995554  0.000010  0.000010  0.000010
0.023481  0.976489  0.000010  0.000010  0.000010
0.023247  0.976722  0.000010  0.000010  0.000010
0.019437  0.980533  0.000010  0.000010  0.000010
0.020702  0.979267  0.000010  0.000010  0.000010
0.075672  0.924297  0.000010  0.000010  0.000010
0.067767  0.932203  0.000010  0.000010  0.000010
0.086364  0.913606  0.000010  0.000010  0.000010
0.085172  0.914798  0.000010  0.000010  0.000010
0.056199  0.943771  0.000010  0.000010  0.000010
0.088287  0.911683  0.000010  0.000010  0.000010
0.053265  0.946705  0.000010  0.000010  0.000010
0.079379  0.920591  0.000010  0.000010  0.000010
0.062439  0.937531  0.000010  0.000010  0.000010
0.094657  0.905313  0.000010  0.000010  0.000010
0.159917  0.840053  0.000010  0.000010  0.000010
0.143642  0.856328  0.000010  0.000010  0.000010
0.150824  0.849146  0.000010  0.000010  0.000010
0.155668  0.844302  0.000010  0.000010  0.000010
0.139272  0.860698  0.000010  0.000010  0.000010
0.147614  0.852356  0.000010  0.000010  0.000010
0.131050  0.864865  0.000010  0.000010  0.004065
0.135441  0.864529  0.000010  0.000010  0.000010
0.117693  0.882277  0.000010  0.000010  0.000010
0.178919  0.821051  0.000010  0.000010  0.000010
0.000010  0.000010  0.999959  0.000010  0.000010
0.000010  0.000010  0.999959  0.000010  0.000010
0.000010  0.000010  0.999959  0.000010  0.000010
0.000010  0.000010  0.999959  0.000010  0.000010
0.000010  0.000010  0.999959  0.000010  0.000010
0.000010  0.000011  0.999959  0.000010  0.000010
0.000010  0.000010  0.999959  0.000010  0.000010
0.000010  0.000010  0.999959  0.000010  0.000010
0.000010  0.000010  0.999959  0.000010  0.000010
0.000010  0.000010  0.999959  0.000010  0.000010
0.000010  0.016173  0.983797  0.000010  0.000010
0.000010  0.015130  0.984840  0.000010  0.000010
0.000010  0.020367  0.979602  0.000010  0.000010
0.000010  0.016153  0.983817  0.000010  0.000010
0.000010  0.017019  0.982951  0.000010  0.000010
0.000010  0.017505  0.982465  0.000010  0.000010
0.000010  0.015370  0.984600  0.000010  0.000010
0.000010  0.013099  0.986870  0.000010  0.000010
0.000010  0.018802  0.981168  0.000010  0.000010
0.000010  0.018251  0.981719  0.000010  0.000010
0.000010  0.000010  0.999960  0.000010  0.000010
0.000010  0.000010  0.999959  0.000010  0.000010
0.000010  0.000010  0.999960  0.000010  0.000010
0.000010  0.000010  0.999959  0.000010  0.000010
0.000010  0.000010  0.999910  0.000060  0.000010
0.000010  0.000010  0.999960  0.000010  0.000010
0.000010  0.000010  0.999959  0.000010  0.000010
0.000010  0.000010  0.999960  0.000010  0.000010
0.000010  0.000010  0.999959  0.000010  0.000010
0.000010  0.000010  0.999959  0.000010  0.000010
0.000010  0.000010  0.999959  0.000010  0.000010
0.000010  0.000010  0.999960  0.000010  0.000010
0.000010  0.000010  0.999960  0.000010  0.000010
0.000010  0.000010  0.999960  0.000010  0.000010
0.000010  0.000010  0.999959  0.000010  0.000010
0.000010  0.000010  0.999959  0.000010  0.000010
0.000010  0.000010  0.999960  0.000010  0.000010
0.000010  0.000010  0.999960  0.000010  0.000010
0.000010  0.000010  0.999959  0.000010  0.000010
0.000010  0.000010  0.999959  0.000010  0.000010
0.000010  0.999959  0.000010  0.000010  0.000010
0.000010  0.999959  0.000010  0.000010  0.000010
0.003911  0.996058  0.000010  0.000010  0.000010
0.000010  0.999959  0.000010  0.000010  0.000010
0.003720  0.996249  0.000010  0.000010  0.000010
0.006419  0.993551  0.000010  0.000010  0.000010
0.003615  0.996354  0.000010  0.000010  0.000010
0.000010  0.999960  0.000010  0.000010  0.000010
0.002794  0.997176  0.000010  0.000010  0.000010
0.005307  0.994662  0.000010  0.000010  0.000010
0.009501  0.990468  0.000010  0.000010  0.000010
0.030540  0.969429  0.000010  0.000010  0.000010
0.039774  0.960195  0.000010  0.000010  0.000010
0.020672  0.979298  0.000010  0.000010  0.000010
0.036225  0.963744  0.000010  0.000010  0.000010
0.022704  0.977265  0.000010  0.000010  0.000010
0.036804  0.963165  0.000010  0.000010  0.000010
0.024039  0.975931  0.000010  0.000010  0.000010
0.018651  0.981318  0.000010  0.000010  0.000010
0.025448  0.974521  0.000010  0.000010  0.000010
