0.193325 0.000010 0.806665
0.171588 0.000010 0.828402
0.192505 0.000010 0.807485
0.191064 0.000010 0.808926
0.196778 0.000010 0.803212
0.174275 0.000010 0.825715
0.185001 0.000010 0.814989
0.183975 0.000010 0.816015
0.183364 0.000010 0.816626
0.171754 0.000010 0.828236
0.046414 0.000010 0.953576
0.060211 0.000010 0.939779
0.060655 0.000010 0.939335
0.048231 0.000010 0.951759
0.059988 0.000010 0.940002
0.055607 0.000010 0.944383
0.078180 0.000010 0.921810
0.053857 0.000010 0.946133
0.070669 0.000010 0.929321
0.069313 0.000010 0.930677
0.000010 0.000010 0.999980
0.000010 0.000010 0.999980
0.000010 0.000010 0.999980
0.000010 0.000010 0.999980
0.000010 0.000010 0.999980
0.000010 0.000010 0.999980
0.000010 0.000010 0.999980
0.000010 0.000010 0.999980
0.000010 0.000010 0.999980
0.000010 0.000010 0.999980
0.000010 0.025150 0.974840
0.000010 0.003862 0.996128
0.000010 0.024367 0.975623
0.000010 0.000010 0.999980
0.000010 0.025195 0.974795
0.000010 0.015327 0.984663
0.000010 0.015348 0.984642
0.000010 0.016271 0.983719
0.000010 0.000010 0.999980
0.000010 0.000010 0.999980
0.000010 0.083904 0.916086
0.000010 0.050796 0.949194
0.000010 0.089176 0.910814
0.000010 0.085780 0.914210
0.000010 0.080015 0.919975
0.000010 0.091042 0.908948
0.000010 0.093736 0.906254
0.000010 0.086313 0.913677
0.000010 0.119015 0.880975
0.000010 0.100735 0.899255
0.000010 0.194312 0.805678
0.000010 0.211897 0.788093
0.000010 0.187271 0.812719
0.000010 0.195600 0.804390
0.000010 0.184493 0.815497
0.000010 0.199659 0.800331
0.000010 0.200713 0.799277
0.000010 0.190611 0.809379
0.000010 0.183167 0.816823
0.000010 0.191306 0.808684
0.379978 0.000010 0.620012
0.336202 0.000010 0.663788
0.352571 0.000010 0.647419
0.365398 0.000010 0.634592
0.365936 0.000010 0.634054
0.363159 0.000010 0.636831
0.373234 0.000010 0.626756
0.355013 0.000010 0.644977
0.364079 0.000010 0.635911
0.381560 0.000010 0.618430
0.262178 0.000010 0.737812
0.244208 0.000010 0.755782
0.267156 0.000010 0.732834
0.229180 0.000010 0.770810
0.215711 0.000010 0.784279
0.244914 0.000010 0.755076
0.254994 0.000010 0.744996
0.236000 0.000010 0.763990
0.236823 0.000010 0.763167
0.232849 0.000010 0.767141
0.079410 0.000010 0.920580
0.075199 0.000010 0.924791
0.059502 0.000010 0.940488
0.092404 0.000010 0.907586
0.086984 0.000010 0.913006
0.095762 0.000010 0.904228
0.065407 0.000010 0.934583
0.072778 0.000010 0.927212
0.088596 0.000010 0.911394
0.079084 0.000010 0.920906
0.000010 0.119471 0.880519
0.000010 0.134753 0.865237
0.000010 0.109978 0.890012
0.000010 0.131718 0.868272
0.000010 0.119209 0.880781
0.000010 0.112060 0.887930
0.000010 0.119175 0.880815
0.000010 0.100564 0.899426
0.000010 0.121925 0.878065
0.000010 0.132882 0.867108
0.000010 0.252321 0.747669
0.000010 0.223944 0.776046
0.000010 0.235246 0.764744
0.000010 0.239122 0.760868
0.000010 0.241353 0.758637
0.000010 0.246895 0.753095
0.000010 0.237828 0.762162
0.000010 0.220761 0.779229
0.000010 0.224100 0.775890
0.000010 0.267191 0.732799
0.000010 0.366147 0.633843
0.000010 0.383239 0.616751
0.000010 0.353438 0.646552
0.000010 0.374934 0.625056
0.000010 0.376512 0.623478
0.000010 0.367594 0.632396
0.000010 0.358867 0.641123
0.000010 0.359297 0.640693
0.000010 0.386090 0.613900
0.000010 0.376129 0.623861
0.673184 0.000010 0.326806
0.669625 0.000010 0.330365
0.722835 0.000010 0.277155
0.690689 0.000010 0.309301
0.691731 0.000010 0.308259
0.704190 0.000010 0.295800
0.707013 0.000010 0.292977
0.707437 0.000010 0.292553
0.680213 0.000010 0.319777
0.695281 0.000010 0.304709
0.560559 0.000010 0.439431
0.579143 0.000010 0.420847
0.549748 0.000010 0.450242
0.542334 0.000010 0.457656
0.550485 0.000010 0.449505
0.535217 0.000010 0.464773
0.571798 0.000010 0.428192
0.563813 0.000010 0.436177
0.573450 0.000010 0.426540
0.566933 0.000010 0.433057
0.349927 0.089889 0.560184
0.298399 0.118375 0.583226
0.322425 0.092125 0.585450
0.296771 0.102835 0.600394
0.304980 0.082000 0.613020
0.315120 0.110365 0.574515
0.335355 0.065191 0.599454
0.329612 0.091071 0.579317
0.351719 0.076832 0.571448
0.325634 0.089257 0.585109
0.061112 0.361397 0.577492
0.053283 0.377166 0.569551
0.053932 0.345044 0.601024
0.068075 0.366954 0.564971
0.045770 0.380651 0.573579
0.077348 0.367443 0.555209
0.090845 0.368867 0.540288
0.051978 0.377937 0.570085
0.048144 0.363546 0.588311
0.061331 0.383683 0.554986
0.000010 0.613385 0.386605
0.000010 0.611782 0.388208
0.000010 0.618708 0.381282
0.000010 0.609115 0.390875
0.000010 0.590321 0.409669
0.000010 0.598707 0.401283
0.000010 0.606035 0.393955
0.000010 0.591958 0.408032
0.000010 0.603305 0.396685
0.000010 0.605951 0.394039
0.000010 0.699312 0.300678
0.000010 0.672041 0.327949
0.000010 0.681285 0.318705
0.000010 0.680583 0.319407
0.000010 0.721800 0.278190
0.000010 0.675217 0.324773
0.000010 0.685221 0.314769
0.000010 0.697048 0.302942
0.000010 0.706196 0.293794
0.000010 0.705187 0.294803
0.954105 0.000010 0.045885
0.923915 0.000010 0.076075
0.928683 0.000010 0.071307
0.961182 0.000010 0.038808
0.937931 0.000010 0.062059
0.931714 0.000010 0.068276
0.955247 0.000010 0.044743
0.939165 0.000010 0.060825
0.951310 0.000010 0.048680
0.933107 0.000010 0.066883
0.889361 0.000010 0.110629
0.900926 0.000010 0.099064
0.887679 0.000010 0.112311
0.878782 0.000010 0.121208
0.881256 0.000010 0.118734
0.882335 0.000010 0.117655
0.901501 0.000010 0.098489
0.871685 0.000010 0.128305
0.887235 0.000010 0.112755
0.885501 0.000010 0.114489
0.585681 0.219682 0.194637
0.618556 0.212189 0.169255
0.615269 0.233877 0.150854
0.582371 0.235376 0.182254
0.617770 0.214434 0.167796
0.615550 0.211123 0.173327
0.608361 0.237604 0.154036
0.632997 0.206057 0.160946
0.583037 0.229219 0.187743
0.594909 0.242995 0.162095
0.197372 0.653777 0.148851
0.194331 0.649118 0.156552
0.208755 0.657685 0.133560
0.219800 0.652535 0.127665
0.193059 0.645182 0.161758
0.176475 0.625188 0.198336
0.203640 0.647556 0.148804
0.175173 0.640731 0.184096
0.190748 0.632422 0.176830
0.215256 0.626347 0.158398
0.000010 0.896547 0.103443
0.000010 0.896650 0.103340
0.000010 0.919176 0.080814
0.000010 0.900458 0.099532
0.000010 0.928591 0.071399
0.000010 0.931693 0.068297
0.000010 0.905873 0.094117
0.000010 0.927068 0.072922
0.000010 0.933480 0.066510
0.000010 0.937889 0.062101
0.000010 0.950008 0.049982
0.000010 0.946898 0.053092
0.000010 0.929559 0.070431
0.000010 0.949424 0.050566
0.000010 0.960221 0.039769
0.000010 0.933510 0.066480
0.000010 0.941039 0.058951
0.000010 0.963804 0.036186
0.000010 0.944787 0.055203
0.000010 0.930767 0.069223
0.999980 0.000010 0.000010
0.999980 0.000010 0.000010
0.999980 0.000010 0.000010
0.999980 0.000010 0.000010
0.999980 0.000010 0.000010
0.999980 0.000010 0.000010
0.999980 0.000010 0.000010
0.999980 0.000010 0.000010
0.999980 0.000010 0.000010
0.999980 0.000010 0.000010
0.999980 0.000010 0.000010
0.999980 0.000010 0.000010
0.986213 0.013777 0.000010
0.986683 0.013307 0.000010
0.999980 0.000010 0.000010
0.975157 0.024833 0.000010
0.987984 0.012006 0.000010
0.988304 0.011686 0.000010
0.999980 0.000010 0.000010
0.995091 0.004899 0.000010
0.693183 0.306807 0.000010
0.711913 0.288077 0.000010
0.700119 0.299871 0.000010
0.685844 0.314146 0.000010
0.689384 0.310606 0.000010
0.675443 0.324547 0.000010
0.678180 0.321810 0.000010
0.687796 0.312194 0.000010
0.712890 0.287100 0.000010
0.707566 0.292424 0.000010
0.297604 0.702386 0.000010
0.284599 0.715391 0.000010
0.281477 0.718513 0.000010
0.302118 0.697872 0.000010
0.266629 0.733361 0.000010
0.281795 0.718195 0.000010
0.301701 0.698289 0.000010
0.260139 0.739851 0.000010
0.275222 0.724768 0.000010
0.257643 0.742347 0.000010
0.000010 0.999980 0.000010
0.000010 0.999980 0.000010
0.000010 0.999980 0.000010
0.000010 0.999980 0.000010
0.000010 0.999980 0.000010
0.000010 0.999980 0.000010
0.003916 0.996074 0.000010
0.003255 0.996735 0.000010
0.024947 0.975043 0.000010
0.007499 0.992491 0.000010
0.000010 0.999980 0.000010
0.000010 0.999980 0.000010
0.000010 0.999980 0.000010
0.000010 0.999980 0.000010
0.000010 0.999980 0.000010
0.000010 0.999980 0.000010
0.000010 0.999980 0.000010
0.000010 0.999980 0.000010
0.000010 0.999980 0.000010
0.000010 0.999980 0.000010
0.999980 0.000010 0.000010
0.999980 0.000010 0.000010
0.999980 0.000010 0.000010
0.999980 0.000010 0.000010
0.999980 0.000010 0.000010
0.999980 0.000010 0.000010
0.999980 0.000010 0.000010
0.999980 0.000010 0.000010
0.999980 0.000010 0.000010
0.999980 0.000010 0.000010
0.953944 0.046046 0.000010
0.957690 0.042300 0.000010
0.915811 0.084179 0.000010
0.946627 0.053363 0.000010
0.955679 0.044311 0.000010
0.946061 0.053929 0.000010
0.928582 0.071408 0.000010
0.937308 0.062682 0.000010
0.931580 0.068410 0.000010
0.941952 0.058038 0.000010
0.657801 0.342189 0.000010
0.682145 0.317845 0.000010
0.646766 0.353224 0.000010
0.678330 0.321660 0.000010
0.671004 0.328986 0.000010
0.670250 0.329740 0.000010
0.657511 0.342479 0.000010
0.676900 0.323090 0.000010
0.670275 0.329715 0.000010
0.651431 0.348559 0.000010
0.313975 0.686015 0.000010
0.320798 0.679192 0.000010
0.317018 0.682972 0.000010
0.311388 0.688602 0.000010
0.312721 0.687269 0.000010
0.336987 0.663003 0.000010
0.323743 0.676247 0.000010
0.313108 0.686882 0.000010
0.304346 0.695644 0.000010
0.339829 0.660161 0.000010
0.041193 0.958797 0.000010
0.049961 0.950029 0.000010
0.047271 0.952719 0.000010
0.053309 0.946681 0.000010
0.046388 0.953602 0.000010
0.064231 0.935759 0.000010
0.042369 0.957621 0.000010
0.053311 0.946679 0.000010
0.067392 0.932598 0.000010
0.052157 0.947833 0.000010
0.000010 0.999980 0.000010
0.000010 0.999980 0.000010
0.000010 0.999980 0.000010
0.000010 0.999980 0.000010
0.000010 0.999980 0.000010
0.000010 0.999980 0.000010
0.000010 0.999980 0.000010
0.000010 0.999980 0.000010
0.000010 0.999980 0.000010
0.000010 0.999980 0.000010
