0.000010 0.000010 0.000010 0.000010 0.999950 0.000010
0.000010 0.000010 0.000010 0.015323 0.984637 0.000010
0.000010 0.000010 0.000010 0.004164 0.995796 0.000010
0.000010 0.000010 0.000010 0.000010 0.999950 0.000010
0.000010 0.000010 0.000010 0.000010 0.999950 0.000010
0.000010 0.000010 0.000010 0.000010 0.999950 0.000010
0.000010 0.000010 0.000010 0.005724 0.994236 0.000010
0.000010 0.000010 0.000010 0.006231 0.993729 0.000010
0.000010 0.000010 0.000010 0.000010 0.999950 0.000010
0.000010 0.000010 0.000010 0.020290 0.979670 0.000010
0.000010 0.000010 0.000010 0.398139 0.601821 0.000010
0.000010 0.000010 0.000010 0.400666 0.599294 0.000010
0.000013 0.000010 0.000010 0.420712 0.579244 0.000010
0.000010 0.000010 0.000010 0.405036 0.594924 0.000010
0.000010 0.000010 0.000010 0.451308 0.548652 0.000010
0.000010 0.000010 0.000010 0.411866 0.588094 0.000010
0.000010 0.000010 0.000010 0.407432 0.592528 0.000010
0.000011 0.000010 0.000010 0.395127 0.604831 0.000010
0.000010 0.000010 0.000010 0.407613 0.592347 0.000010
0.000010 0.000010 0.000010 0.409353 0.590607 0.000010
0.000010 0.000010 0.000010 0.999950 0.000010 0.000010
0.000010 0.000010 0.000010 0.999950 0.000010 0.000010
0.000010 0.000010 0.000010 0.999950 0.000010 0.000010
0.000010 0.000010 0.000010 0.999950 0.000010 0.000010
0.000010 0.000010 0.000010 0.999950 0.000010 0.000010
0.000010 0.000010 0.000010 0.988315 0.011645 0.000010
0.000010 0.000010 0.000010 0.999950 0.000010 0.000010
0.000010 0.000010 0.000010 0.999950 0.000010 0.000010
0.000010 0.000010 0.000010 0.999950 0.000010 0.000010
0.000010 0.000010 0.000010 0.999950 0.000010 0.000010
0.000010 0.160099 0.000010 0.839861 0.000010 0.000010
0.000010 0.120643 0.000010 0.879317 0.000010 0.000010
0.000010 0.142295 0.000010 0.857665 0.000010 0.000010
0.000010 0.105257 0.000010 0.894703 0.000010 0.000010
0.000010 0.135678 0.000010 0.864282 0.000010 0.000010
0.000010 0.138109 0.000010 0.861844 0.000016 0.000010
0.000010 0.145967 0.000010 0.853993 0.000010 0.000010
0.000010 0.141523 0.000010 0.858437 0.000010 0.000010
0.000010 0.143054 0.000010 0.856906 0.000010 0.000010
0.000010 0.135101 0.000010 0.864859 0.000010 0.000010
0.000010 0.695023 0.000010 0.304937 0.000010 0.000010
0.000010 0.643859 0.000010 0.356101 0.000010 0.000010
0.000010 0.706180 0.000010 0.293780 0.000010 0.000010
0.000010 0.700337 0.000010 0.299623 0.000010 0.000010
0.000010 0.690927 0.000010 0.309033 0.000010 0.000010
0.000010 0.702375 0.000010 0.297585 0.000010 0.000010
0.000010 0.681265 0.000010 0.318695 0.000010 0.000010
0.000010 0.703147 0.000010 0.296813 0.000010 0.000010
0.000010 0.704832 0.000010 0.295128 0.000010 0.000010
0.000010 0.706659 0.000010 0.293301 0.000010 0.000010
0.000010 0.999950 0.000010 0.000010 0.000010 0.000010
0.000010 0.999950 0.000010 0.000010 0.000010 0.000010
0.000010 0.999950 0.000010 0.000010 0.000010 0.000010
0.000010 0.999950 0.000010 0.000010 0.000010 0.000010
0.000010 0.999950 0.000010 0.000010 0.000010 0.000010
0.000010 0.999950 0.000010 0.000010 0.000010 0.000010
0.000010 0.999950 0.000010 0.000010 0.000010 0.000010
0.000010 0.999360 0.000010 0.000600 0.000010 0.000010
0.000010 0.996331 0.000010 0.003629 0.000010 0.000010
0.000010 0.999950 0.000010 0.000010 0.000010 0.000010
0.000010 0.000010 0.000010 0.000010 0.999950 0.000010
0.000010 0.000010 0.000010 0.000010 0.999950 0.000010
0.000010 0.000010 0.000010 0.000010 0.999950 0.000010
0.000010 0.000010 0.000010 0.000010 0.999950 0.000010
0.000010 0.000010 0.000010 0.000010 0.999950 0.000010
0.000010 0.000010 0.000010 0.000010 0.999950 0.000010
0.000010 0.000010 0.000010 0.000010 0.999950 0.000010
0.000010 0.000010 0.000010 0.000010 0.999950 0.000010
0.000010 0.000010 0.000010 0.000010 0.999950 0.000010
0.000010 0.000010 0.000010 0.000010 0.999950 0.000010
0.000010 0.000010 0.000010 0.183414 0.816546 0.000010
0.000010 0.000010 0.000010 0.199977 0.791123 0.008871
0.000010 0.000010 0.000010 0.174912 0.806687 0.018371
0.000010 0.000010 0.000010 0.189373 0.810587 0.000010
0.000010 0.000010 0.000010 0.198594 0.801366 0.000010
0.000010 0.000010 0.000010 0.188294 0.811666 0.000010
0.000010 0.000010 0.000010 0.196368 0.803592 0.000010
0.000010 0.000010 0.000010 0.191007 0.808953 0.000010
0.000010 0.000010 0.000010 0.197826 0.802134 0.000010
0.000010 0.000010 0.000010 0.175823 0.824137 0.000010
0.000010 0.000010 0.000010 0.757513 0.110911 0.131545
0.000010 0.000010 0.000010 0.759162 0.122070 0.118738
0.000015 0.000010 0.000010 0.761035 0.122473 0.116457
0.000010 0.000010 0.000010 0.718022 0.130419 0.151529
0.000010 0.000010 0.000010 0.750448 0.136088 0.113435
0.000010 0.000010 0.000010 0.719512 0.156545 0.123914
0.000010 0.000010 0.000010 0.766522 0.115695 0.117753
0.000010 0.000010 0.000010 0.757243 0.127247 0.115481
0.000010 0.000010 0.000010 0.730193 0.133906 0.135871
0.000010 0.000010 0.000010 0.722957 0.124964 0.152049
0.000010 0.147694 0.000010 0.684043 0.000010 0.168234
0.000010 0.156218 0.000010 0.663312 0.000010 0.180440
0.000010 0.157098 0.000010 0.697356 0.000010 0.145516
0.000010 0.180814 0.000010 0.649813 0.000010 0.169343
0.000010 0.148807 0.000010 0.699468 0.000010 0.151695
0.000010 0.168786 0.000010 0.699993 0.000010 0.131192
0.000010 0.187011 0.000010 0.675772 0.000010 0.137187
0.000010 0.159655 0.000010 0.705626 0.000010 0.134689
0.000010 0.189393 0.000010 0.679183 0.000010 0.131394
0.000010 0.164540 0.000010 0.683590 0.000010 0.151840
0.000010 0.845426 0.000010 0.149503 0.000010 0.005041
0.000010 0.810679 0.000010 0.189281 0.000010 0.000010
0.000010 0.821060 0.000010 0.163918 0.000010 0.014992
0.000010 0.819937 0.000010 0.180023 0.000010 0.000010
0.000010 0.820234 0.000010 0.160832 0.000010 0.018904
0.000010 0.811537 0.000010 0.154834 0.000010 0.033599
0.000010 0.839208 0.000010 0.156352 0.000010 0.004409
0.000010 0.820853 0.000010 0.179107 0.000010 0.000010
0.000010 0.832869 0.000010 0.167091 0.000010 0.000010
0.000010 0.852106 0.000010 0.147854 0.000010 0.000010
0.000010 0.999950 0.000010 0.000010 0.000010 0.000010
0.000010 0.999950 0.000010 0.000010 0.000010 0.000010
0.000010 0.999950 0.000010 0.000010 0.000010 0.000010
0.000010 0.999950 0.000010 0.000010 0.000010 0.000010
0.000010 0.999950 0.000010 0.000010 0.000010 0.000010
0.000010 0.999947 0.000010 0.000013 0.000010 0.000010
0.000010 0.999950 0.000010 0.000010 0.000010 0.000010
0.000010 0.999950 0.000010 0.000010 0.000010 0.000010
0.000010 0.999950 0.000010 0.000010 0.000010 0.000010
0.000010 0.999950 0.000010 0.000010 0.000010 0.000010
0.127957 0.000010 0.000010 0.000010 0.872003 0.000010
0.132909 0.000010 0.000010 0.000010 0.867051 0.000010
0.151506 0.000010 0.000010 0.000010 0.848454 0.000010
0.158785 0.000010 0.000010 0.000010 0.841175 0.000010
0.145844 0.000010 0.000010 0.000010 0.854116 0.000010
0.169558 0.000010 0.000010 0.000010 0.830402 0.000010
0.146768 0.000010 0.000010 0.000010 0.853192 0.000010
0.163296 0.000010 0.000010 0.000010 0.836664 0.000010
0.150892 0.000010 0.000010 0.000010 0.849068 0.000010
0.143855 0.000010 0.000010 0.000010 0.856105 0.000010
0.000919 0.000010 0.000015 0.000010 0.682780 0.316266
0.030890 0.000010 0.000016 0.000010 0.682369 0.286705
0.000010 0.000010 0.000010 0.000010 0.686280 0.313680
0.017793 0.000010 0.000010 0.000010 0.689672 0.292505
0.000010 0.000010 0.000010 0.000010 0.667987 0.331973
0.018709 0.000010 0.000010 0.000010 0.680057 0.301204
0.008687 0.000010 0.000015 0.000010 0.679437 0.311841
0.000010 0.000010 0.000010 0.000010 0.683400 0.316560
0.000010 0.000010 0.000010 0.000010 0.685463 0.314497
0.023460 0.000010 0.000010 0.000010 0.668559 0.307951
0.000010 0.000010 0.000010 0.131919 0.137011 0.731040
0.000010 0.000010 0.000010 0.149743 0.107175 0.743052
0.000010 0.000010 0.000010 0.136605 0.138340 0.725025
0.000010 0.000010 0.000010 0.136976 0.119395 0.743599
0.000010 0.000010 0.000010 0.134811 0.127350 0.737808
0.000010 0.000010 0.000010 0.116048 0.143081 0.740841
0.000010 0.000010 0.000010 0.115428 0.175135 0.709407
0.000010 0.000010 0.000010 0.117251 0.164613 0.718105
0.000010 0.000010 0.000010 0.126443 0.167415 0.706112
0.000010 0.000010 0.000010 0.115517 0.139070 0.745382
0.000010 0.162583 0.000010 0.134764 0.000010 0.702623
0.000010 0.144805 0.000010 0.162292 0.000010 0.692873
0.000010 0.143903 0.000010 0.138748 0.000010 0.717318
0.000010 0.141123 0.000010 0.145841 0.000010 0.713006
0.000010 0.162280 0.000010 0.145466 0.000010 0.692224
0.000010 0.156970 0.000010 0.111029 0.000010 0.731972
0.000010 0.135800 0.000010 0.152251 0.000010 0.711919
0.000010 0.159500 0.000010 0.131224 0.000010 0.709245
0.000010 0.155872 0.000010 0.153092 0.000010 0.691006
0.000010 0.169318 0.000010 0.131479 0.000010 0.699173
0.000010 0.617836 0.056826 0.000010 0.000010 0.325308
0.000010 0.617684 0.072087 0.000010 0.000010 0.310199
0.000010 0.607447 0.081020 0.000010 0.000010 0.311504
0.000010 0.659088 0.071452 0.000010 0.000010 0.269431
0.000010 0.620519 0.083778 0.000010 0.000010 0.295673
0.000010 0.641240 0.067316 0.000010 0.000010 0.291414
0.000010 0.641925 0.075886 0.000010 0.000010 0.282159
0.000010 0.615062 0.070113 0.000010 0.000010 0.314796
0.000010 0.624978 0.062065 0.000010 0.000010 0.312927
0.000010 0.609576 0.087546 0.000010 0.000010 0.302848
0.000010 0.840165 0.159795 0.000010 0.000010 0.000010
0.000010 0.840531 0.159429 0.000010 0.000010 0.000010
0.000010 0.847643 0.152317 0.000010 0.000010 0.000010
0.000010 0.850112 0.149848 0.000010 0.000010 0.000010
0.000010 0.830122 0.169838 0.000010 0.000010 0.000010
0.000010 0.842435 0.157525 0.000010 0.000010 0.000010
0.000010 0.853738 0.146222 0.000010 0.000010 0.000010
0.000010 0.843596 0.156364 0.000010 0.000010 0.000010
0.000010 0.831413 0.168547 0.000010 0.000010 0.000010
0.000010 0.841266 0.158694 0.000010 0.000010 0.000010
0.577293 0.000010 0.000010 0.000010 0.422667 0.000010
0.556402 0.000010 0.000010 0.000010 0.443558 0.000010
0.576617 0.000010 0.000010 0.000010 0.423343 0.000010
0.610407 0.000010 0.000010 0.000010 0.389553 0.000010
0.577587 0.000010 0.000010 0.000010 0.422373 0.000010
0.603649 0.000010 0.000010 0.000010 0.388030 0.008291
0.591083 0.000010 0.000010 0.000010 0.408877 0.000010
0.586494 0.000010 0.000010 0.000010 0.413466 0.000010
0.580957 0.000010 0.000010 0.000010 0.419003 0.000010
0.561423 0.000010 0.000010 0.000010 0.438537 0.000010
0.468251 0.000010 0.000010 0.000010 0.235201 0.296518
0.479077 0.000010 0.000010 0.000010 0.195410 0.325483
0.480401 0.000010 0.000010 0.000010 0.236246 0.283323
0.437886 0.000010 0.000010 0.000010 0.220728 0.341356
0.459322 0.000010 0.000010 0.000010 0.228780 0.311868
0.488846 0.000010 0.000010 0.000010 0.227835 0.283289
0.467124 0.000010 0.000010 0.000010 0.205954 0.326892
0.472725 0.000010 0.000010 0.000010 0.222363 0.304882
0.469873 0.000010 0.000010 0.000010 0.216124 0.313973
0.469168 0.000010 0.000010 0.000010 0.220882 0.309919
0.131883 0.000010 0.000010 0.000010 0.000010 0.868077
0.130028 0.000010 0.000010 0.000010 0.000010 0.869932
0.137171 0.000010 0.000010 0.000010 0.000010 0.862789
0.109839 0.000010 0.000010 0.000010 0.000010 0.890121
0.126431 0.000010 0.000010 0.000010 0.016237 0.857302
0.125061 0.000010 0.000010 0.000010 0.000010 0.874899
0.134891 0.000010 0.000010 0.000010 0.000010 0.865069
0.150617 0.000010 0.000010 0.000010 0.000010 0.849343
0.099428 0.000010 0.000010 0.000010 0.039088 0.861454
0.124568 0.000010 0.000010 0.000010 0.000010 0.875392
0.000010 0.000010 0.148704 0.000010 0.000010 0.851256
0.000010 0.000010 0.160053 0.000010 0.000010 0.839907
0.000010 0.000010 0.152876 0.000010 0.000010 0.847084
0.000010 0.000010 0.141535 0.000010 0.000010 0.858425
0.000010 0.000010 0.142410 0.000010 0.000010 0.857550
0.000010 0.000010 0.134152 0.000010 0.000010 0.865808
0.000010 0.000010 0.156955 0.000010 0.000010 0.843005
0.000010 0.000010 0.157029 0.000010 0.000010 0.842931
0.000010 0.000010 0.135131 0.000010 0.000010 0.864829
0.000010 0.000010 0.124819 0.000010 0.000010 0.875141
0.000010 0.250396 0.455942 0.000010 0.000010 0.293632
0.000010 0.230768 0.442825 0.000010 0.000010 0.326377
0.000010 0.244594 0.476338 0.000010 0.000010 0.279037
0.000010 0.230404 0.460170 0.000010 0.000010 0.309396
0.000010 0.203474 0.490608 0.000011 0.000010 0.305887
0.000010 0.244471 0.481421 0.000010 0.000010 0.274078
0.000010 0.221695 0.464465 0.000010 0.000010 0.313810
0.000010 0.222273 0.489066 0.000010 0.000010 0.288632
0.000010 0.209797 0.497688 0.000010 0.000010 0.292486
0.000010 0.243542 0.487259 0.000010 0.000010 0.269170
0.000010 0.393297 0.606663 0.000010 0.000010 0.000010
0.000010 0.391484 0.608476 0.000010 0.000010 0.000010
0.000010 0.415393 0.584567 0.000010 0.000010 0.000010
0.000010 0.400183 0.599777 0.000010 0.000010 0.000010
0.000010 0.396785 0.603175 0.000010 0.000010 0.000010
0.000010 0.401053 0.598907 0.000010 0.000010 0.000010
0.000010 0.403978 0.595982 0.000010 0.000010 0.000010
0.000010 0.378202 0.620242 0.000010 0.000010 0.001526
0.000010 0.409025 0.590935 0.000010 0.000010 0.000010
0.000010 0.402830 0.597130 0.000010 0.000010 0.000010
0.957685 0.000010 0.000010 0.000010 0.042275 0.000010
0.931635 0.000010 0.000010 0.000010 0.068325 0.000010
0.949906 0.000010 0.000010 0.000010 0.050054 0.000010
0.970255 0.000010 0.000010 0.000010 0.029704 0.000010
0.990120 0.000010 0.000010 0.000010 0.009840 0.000010
0.949802 0.000010 0.000010 0.000010 0.050158 0.000010
0.939994 0.000010 0.000010 0.000010 0.059966 0.000010
0.956546 0.000010 0.000010 0.000010 0.043414 0.000010
0.964219 0.000010 0.000010 0.000010 0.035741 0.000010
0.982610 0.000010 0.000010 0.000010 0.017350 0.000010
0.904812 0.000010 0.000010 0.000010 0.014271 0.080886
0.945187 0.000010 0.000010 0.000010 0.000010 0.054773
0.886729 0.000010 0.000010 0.000010 0.000010 0.113231
0.917097 0.000010 0.000010 0.000010 0.000010 0.082863
0.918120 0.000010 0.000010 0.000010 0.000010 0.081840
0.918370 0.000010 0.000010 0.000010 0.000010 0.081590
0.913793 0.000010 0.000010 0.000010 0.000010 0.086167
0.915074 0.000010 0.000010 0.000010 0.000010 0.084886
0.913250 0.000010 0.000010 0.000010 0.000010 0.086710
0.907521 0.000010 0.000010 0.000010 0.000010 0.092439
0.461293 0.000010 0.106373 0.000010 0.000010 0.432304
0.475402 0.000010 0.085166 0.000010 0.000010 0.439402
0.477309 0.000010 0.104809 0.000010 0.000010 0.417852
0.455282 0.000010 0.097718 0.000010 0.000010 0.446970
0.466865 0.000010 0.098658 0.000010 0.000010 0.434447
0.471443 0.000010 0.126311 0.000010 0.000010 0.402216
0.464910 0.000010 0.135907 0.000010 0.000010 0.399152
0.474503 0.000010 0.119281 0.000010 0.000010 0.406187
0.494599 0.000010 0.087280 0.000010 0.000010 0.418091
0.470580 0.000010 0.097492 0.000010 0.000010 0.431899
0.126438 0.000010 0.503562 0.000010 0.000010 0.369971
0.126085 0.000010 0.555361 0.000010 0.000010 0.318524
0.117038 0.000010 0.548260 0.000010 0.000010 0.334672
0.134606 0.000010 0.523688 0.000010 0.000010 0.341676
0.107752 0.000010 0.548771 0.000010 0.000010 0.343447
0.096130 0.000010 0.541026 0.000010 0.000010 0.362815
0.118989 0.000010 0.527220 0.000010 0.000010 0.353761
0.112411 0.000010 0.556041 0.000010 0.000010 0.331517
0.116512 0.000010 0.554386 0.000010 0.000010 0.329072
0.100470 0.000010 0.554866 0.000010 0.000010 0.344633
0.000010 0.000010 0.894599 0.000010 0.000010 0.105361
0.000010 0.000010 0.885436 0.000010 0.000010 0.114524
0.000010 0.000010 0.887397 0.000010 0.000010 0.112563
0.000010 0.000010 0.886089 0.000010 0.000010 0.113871
0.000010 0.000010 0.914213 0.000010 0.000010 0.085747
0.000010 0.000010 0.884740 0.000010 0.000010 0.115220
0.000010 0.000010 0.892724 0.000010 0.000010 0.107236
0.000010 0.000019 0.884607 0.000010 0.000010 0.115344
0.000010 0.000010 0.859281 0.000010 0.000010 0.140679
0.000010 0.000010 0.895027 0.000010 0.000010 0.104933
0.000010 0.033653 0.966307 0.000010 0.000010 0.000010
0.000010 0.021443 0.978515 0.000012 0.000010 0.000010
0.000010 0.019376 0.980584 0.000010 0.000010 0.000010
0.000010 0.017958 0.982002 0.000010 0.000010 0.000010
0.000010 0.034422 0.965538 0.000010 0.000010 0.000010
0.000010 0.014443 0.985517 0.000010 0.000010 0.000010
0.000010 0.021923 0.978037 0.000010 0.000010 0.000010
0.000010 0.002187 0.997773 0.000010 0.000010 0.000010
0.000010 0.000010 0.999950 0.000010 0.000010 0.000010
0.000010 0.005491 0.994469 0.000010 0.000010 0.000010
0.999950 0.000010 0.000010 0.000010 0.000010 0.000010
0.999950 0.000010 0.000010 0.000010 0.000010 0.000010
0.999950 0.000010 0.000010 0.000010 0.000010 0.000010
0.999949 0.000011 0.000010 0.000010 0.000010 0.000010
0.999950 0.000010 0.000010 0.000010 0.000010 0.000010
0.999950 0.000010 0.000010 0.000010 0.000010 0.000010
0.999950 0.000010 0.000010 0.000010 0.000010 0.000010
0.999947 0.000013 0.000010 0.000010 0.000010 0.000010
0.999950 0.000010 0.000010 0.000010 0.000010 0.000010
0.999950 0.000010 0.000010 0.000010 0.000010 0.000010
0.999950 0.000010 0.000010 0.000010 0.000010 0.000010
0.999950 0.000010 0.000010 0.000010 0.000010 0.000010
0.999950 0.000010 0.000010 0.000010 0.000010 0.000010
0.999949 0.000010 0.000010 0.000011 0.000010 0.000010
0.999950 0.000010 0.000010 0.000010 0.000010 0.000010
0.999950 0.000010 0.000010 0.000010 0.000010 0.000010
0.999950 0.000010 0.000010 0.000010 0.000010 0.000010
0.999950 0.000010 0.000010 0.000010 0.000010 0.000010
0.999950 0.000010 0.000010 0.000010 0.000010 0.000010
0.999950 0.000010 0.000010 0.000010 0.000010 0.000010
0.689205 0.000010 0.304239 0.000010 0.000010 0.006527
0.722837 0.000010 0.277123 0.000010 0.000010 0.000010
0.684261 0.000010 0.315699 0.000010 0.000010 0.000010
0.715086 0.000010 0.278089 0.000010 0.000010 0.006795
0.692298 0.000010 0.307662 0.000010 0.000010 0.000010
0.707749 0.000010 0.292211 0.000010 0.000010 0.000010
0.692174 0.000010 0.307786 0.000010 0.000010 0.000010
0.708457 0.000010 0.291503 0.000010 0.000010 0.000010
0.696961 0.000010 0.302999 0.000010 0.000010 0.000010
0.682358 0.000010 0.317602 0.000010 0.000010 0.000010
0.280891 0.000010 0.719069 0.000010 0.000010 0.000010
0.283811 0.000010 0.716149 0.000010 0.000010 0.000010
0.280668 0.000010 0.719292 0.000010 0.000010 0.000010
0.279511 0.000010 0.720449 0.000010 0.000010 0.000010
0.274525 0.000010 0.725435 0.000010 0.000010 0.000010
0.284341 0.000010 0.715619 0.000010 0.000010 0.000010
0.287345 0.000010 0.712615 0.000010 0.000010 0.000010
0.277014 0.000010 0.722946 0.000010 0.000010 0.000010
0.261042 0.000010 0.738918 0.000010 0.000010 0.000010
0.300741 0.000010 0.699219 0.000010 0.000010 0.000010
0.000010 0.000010 0.999950 0.000010 0.000010 0.000010
0.000010 0.000010 0.999950 0.000010 0.000010 0.000010
0.000010 0.000010 0.999950 0.000010 0.000010 0.000010
0.004801 0.000010 0.995159 0.000010 0.000010 0.000010
0.000010 0.000010 0.999950 0.000010 0.000010 0.000010
0.014536 0.000010 0.985424 0.000010 0.000010 0.000010
0.000010 0.000010 0.999950 0.000010 0.000010 0.000010
0.000010 0.000010 0.999950 0.000010 0.000010 0.000010
0.001809 0.000010 0.998151 0.000010 0.000010 0.000010
0.000010 0.000010 0.999950 0.000010 0.000010 0.000010
0.000010 0.000010 0.999950 0.000010 0.000010 0.000010
0.000010 0.000010 0.999950 0.000010 0.000010 0.000010
0.000010 0.000010 0.999950 0.000010 0.000010 0.000010
0.000010 0.000010 0.999950 0.000010 0.000010 0.000010
0.000010 0.000010 0.999950 0.000010 0.000010 0.000010
0.000010 0.000010 0.999950 0.000010 0.000010 0.000010
0.000010 0.000010 0.999950 0.000010 0.000010 0.000010
0.000010 0.000010 0.999950 0.000010 0.000010 0.000010
0.000010 0.000010 0.999950 0.000010 0.000010 0.000010
0.000010 0.000010 0.999950 0.000010 0.000010 0.000010
