0.000010  0.004565  0.852941  0.101047  0.041436
0.000010  0.028587  0.867977  0.073649  0.029778
0.000010  0.039348  0.844001  0.065710  0.050931
0.000010  0.012557  0.859171  0.096248  0.032014
0.000010  0.026120  0.849664  0.076248  0.047958
0.000010  0.022745  0.870278  0.085714  0.021252
0.000010  0.026684  0.852304  0.076509  0.044493
0.000010  0.022827  0.850146  0.080092  0.046926
0.000010  0.024550  0.848408  0.090317  0.036715
0.000010  0.016502  0.865112  0.089061  0.029315
0.000010  0.000010  0.916994  0.000010  0.082975
0.000010  0.000010  0.893866  0.000010  0.106104
0.000010  0.000010  0.904696  0.000010  0.095274
0.000010  0.000010  0.903541  0.000010  0.096428
0.000010  0.000010  0.919628  0.000010  0.080341
0.000010  0.000010  0.900931  0.000010  0.099038
0.000010  0.000010  0.905429  0.000010  0.094541
0.000010  0.000010  0.934024  0.000010  0.065945
0.000010  0.000010  0.909171  0.000010  0.090799
0.000010  0.000010  0.893864  0.000010  0.106105
0.251194  0.000010  0.186929  0.547551  0.014316
0.274129  0.000010  0.198211  0.521469  0.006182
0.275107  0.000010  0.192460  0.532413  0.000010
0.242259  0.000010  0.198343  0.536641  0.022747
0.283821  0.000010  0.194226  0.521933  0.000010
0.285132  0.000010  0.192759  0.522089  0.000010
0.273474  0.000010  0.206204  0.520302  0.000010
0.244014  0.000010  0.216559  0.539407  0.000010
0.263849  0.000010  0.184858  0.534804  0.016478
0.260450  0.000010  0.206282  0.533247  0.000010
0.000010  0.018313  0.000010  0.981657  0.000010
0.000010  0.012181  0.000010  0.987788  0.000010
0.000010  0.015012  0.000010  0.984958  0.000010
0.000010  0.022169  0.000010  0.977801  0.000010
0.000010  0.009547  0.000010  0.990423  0.000010
0.000010  0.023156  0.000010  0.976814  0.000010
0.000010  0.013907  0.000010  0.986063  0.000010
0.000010  0.007001  0.000010  0.992969  0.000010
0.000010  0.009655  0.000010  0.990315  0.000010
0.000010  0.019729  0.000010  0.980241  0.000010
0.000010  0.000010  0.000010  0.999959  0.000010
0.000010  0.004726  0.000010  0.995243  0.000010
0.000010  0.000010  0.000010  0.999959  0.000010
0.000010  0.002628  0.000010  0.997341  0.000010
0.000010  0.004396  0.000010  0.995574  0.000010
0.000010  0.006279  0.000010  0.993690  0.000010
0.000010  0.005298  0.000010  0.994671  0.000010
0.000010  0.002848  0.000010  0.997121  0.000010
0.000010  0.000010  0.000010  0.999959  0.000010
0.000010  0.008447  0.000010  0.991522  0.000010
0.000010  0.016302  0.000010  0.983667  0.000010
0.000010  0.042243  0.000010  0.957727  0.000010
0.000010  0.045717  0.000010  0.954253  0.000010
0.000010  0.000010  0.000010  0.999959  0.000010
0.000010  0.049965  0.000010  0.950004  0.000010
0.000010  0.035540  0.000010  0.964429  0.000010
0.000010  0.064179  0.000010  0.935790  0.000010
0.000010  0.025593  0.000010  0.974376  0.000010
0.000010  0.077025  0.000010  0.922945  0.000010
0.000010  0.038482  0.000010  0.961488  0.000010
0.000010  0.000010  0.936324  0.000010  0.063645
0.000010  0.000010  0.939408  0.000010  0.060562
0.000010  0.000010  0.933580  0.000010  0.066389
0.000010  0.000010  0.944216  0.000010  0.055753
0.000010  0.000010  0.936562  0.000010  0.063408
0.000010  0.000010  0.937108  0.000010  0.062861
0.000010  0.000010  0.946371  0.000010  0.053599
0.000010  0.000010  0.930730  0.000010  0.069240
0.000010  0.000010  0.935336  0.000010  0.064634
0.000010  0.000010  0.921187  0.000010  0.078782
0.362508  0.036900  0.100131  0.500451  0.000010
0.355841  0.000010  0.109294  0.534845  0.000010
0.366396  0.000010  0.115401  0.518182  0.000010
0.342216  0.000010  0.107170  0.550595  0.000010
0.360432  0.000010  0.115971  0.523577  0.000010
0.381420  0.022906  0.102409  0.493254  0.000010
0.380958  0.000010  0.104134  0.514888  0.000010
0.344397  0.048044  0.112214  0.495335  0.000010
0.349782  0.023050  0.112825  0.514334  0.000010
0.333146  0.078597  0.124445  0.463802  0.000010
0.306557  0.019820  0.000010  0.673603  0.000010
0.304204  0.000010  0.000010  0.695766  0.000010
0.309866  0.000010  0.000010  0.690104  0.000010
0.314031  0.000010  0.000010  0.685939  0.000010
0.303373  0.000010  0.000010  0.696596  0.000010
0.304779  0.000010  0.000010  0.695191  0.000010
0.296224  0.000010  0.000010  0.703746  0.000010
0.306349  0.000010  0.000010  0.693621  0.000010
0.312482  0.000010  0.000010  0.687488  0.000010
0.301310  0.000010  0.000010  0.698660  0.000010
0.000010  0.106142  0.000010  0.893828  0.000010
0.000010  0.085095  0.000010  0.914874  0.000010
0.000010  0.088461  0.000010  0.911508  0.000010
0.000010  0.120987  0.000010  0.878982  0.000010
0.000010  0.100502  0.000010  0.899467  0.000010
0.000010  0.122871  0.000010  0.877098  0.000010
0.000010  0.108899  0.000010  0.891071  0.000010
0.000010  0.122579  0.000010  0.877390  0.000010
0.000010  0.133762  0.000010  0.866207  0.000010
0.000010  0.106199  0.000010  0.893771  0.000010
0.000010  0.137932  0.000010  0.862037  0.000010
0.000010  0.119261  0.000010  0.880709  0.000010
0.000010  0.121446  0.000010  0.878524  0.000010
0.000010  0.122725  0.000010  0.877245  0.000010
0.000010  0.106116  0.000010  0.893853  0.000010
0.000010  0.137429  0.000010  0.862541  0.000010
0.000010  0.145568  0.000010  0.854402  0.000010
0.000010  0.104875  0.000010  0.895094  0.000010
0.000010  0.107809  0.000010  0.892160  0.000010
0.000010  0.091352  0.000010  0.908618  0.000010
0.000010  0.243889  0.000010  0.756080  0.000010
0.000010  0.204534  0.000010  0.795436  0.000010
0.000010  0.275634  0.000010  0.724335  0.000010
0.000010  0.241933  0.000010  0.758037  0.000010
0.000010  0.238018  0.000010  0.761952  0.000010
0.000010  0.250297  0.000010  0.749672  0.000010
0.000010  0.247115  0.000010  0.752854  0.000010
0.000010  0.295052  0.000010  0.704917  0.000010
0.000010  0.235607  0.000010  0.764362  0.000010
0.000010  0.260008  0.000010  0.739962  0.000010
0.000010  0.000010  0.776554  0.000010  0.223416
0.000010  0.000010  0.792351  0.000010  0.207619
0.000010  0.000010  0.789314  0.000010  0.210656
0.000010  0.000010  0.796911  0.000010  0.203059
0.000010  0.000010  0.786719  0.000010  0.213251
0.000010  0.000010  0.769061  0.000010  0.230908
0.000010  0.000010  0.766913  0.000010  0.233056
0.000010  0.000010  0.769065  0.000010  0.230904
0.000010  0.000010  0.762177  0.000010  0.237792
0.000010  0.000010  0.786865  0.000010  0.213104
0.000010  0.000010  0.670179  0.000010  0.329791
0.000010  0.000010  0.667545  0.000010  0.332425
0.000010  0.000010  0.690137  0.000010  0.309832
0.000010  0.000010  0.679084  0.000010  0.320886
0.000010  0.000010  0.695309  0.000010  0.304661
0.000010  0.000010  0.686299  0.000010  0.313671
0.000010  0.000010  0.662801  0.000010  0.337168
0.000010  0.000010  0.677187  0.000010  0.322782
0.000010  0.000010  0.647798  0.000010  0.352171
0.000010  0.000010  0.679004  0.000010  0.320965
0.000010  0.000010  0.471180  0.000010  0.528789
0.000010  0.000010  0.492096  0.000010  0.507873
0.000010  0.000010  0.536733  0.000010  0.463237
0.000010  0.000010  0.532464  0.000010  0.467506
0.000010  0.000010  0.527543  0.000010  0.472427
0.000010  0.000010  0.521006  0.000010  0.478964
0.000010  0.000010  0.510485  0.000010  0.489485
0.000010  0.000010  0.507052  0.000010  0.492918
0.000010  0.000010  0.507332  0.000010  0.492637
0.000010  0.000010  0.502984  0.000010  0.496986
0.000010  0.410846  0.000010  0.589124  0.000010
0.000010  0.410346  0.000010  0.589623  0.000010
0.000010  0.424081  0.000010  0.575888  0.000010
0.000010  0.373480  0.000010  0.626490  0.000010
0.000010  0.379806  0.000010  0.620164  0.000010
0.000010  0.390873  0.000010  0.609097  0.000010
0.000010  0.404062  0.000010  0.595908  0.000010
0.000010  0.420587  0.000010  0.579382  0.000010
0.000010  0.392613  0.000010  0.607356  0.000010
0.000010  0.400199  0.000010  0.599771  0.000010
0.000010  0.479714  0.000010  0.520256  0.000010
0.000010  0.537248  0.000010  0.462722  0.000010
0.000010  0.546172  0.000010  0.453797  0.000010
0.000010  0.541163  0.000010  0.458807  0.000010
0.000010  0.537425  0.000010  0.462544  0.000010
0.000010  0.524561  0.000010  0.475409  0.000010
0.000010  0.516466  0.000010  0.483504  0.000010
0.000010  0.531490  0.000010  0.468479  0.000010
0.000010  0.505482  0.000010  0.494488  0.000010
0.000010  0.563416  0.000010  0.436553  0.000010
0.000010  0.621873  0.000010  0.378096  0.000010
0.000010  0.644764  0.000010  0.355206  0.000010
0.000010  0.620476  0.000010  0.379494  0.000010
0.000010  0.626174  0.000010  0.373795  0.000010
0.000010  0.625917  0.000010  0.374052  0.000010
0.000010  0.636001  0.000010  0.363969  0.000010
0.000010  0.608638  0.000010  0.391332  0.000010
0.000010  0.621133  0.000010  0.378837  0.000010
0.000010  0.613305  0.000010  0.386665  0.000010
0.000010  0.643801  0.000010  0.356168  0.000010
0.000010  0.000010  0.531803  0.000010  0.468167
0.000010  0.000010  0.505939  0.000010  0.494031
0.000010  0.000010  0.489626  0.000010  0.510344
0.000010  0.000010  0.501700  0.000010  0.498269
0.000010  0.000010  0.508134  0.000010  0.491835
0.000010  0.000010  0.502361  0.000010  0.497608
0.000010  0.000010  0.520516  0.000010  0.479453
0.000010  0.000010  0.508979  0.000010  0.490990
0.000010  0.000010  0.519844  0.000010  0.480126
0.000010  0.000010  0.508975  0.000010  0.490994
0.000010  0.108341  0.306863  0.000010  0.584776
0.000010  0.064818  0.343401  0.043942  0.547829
0.000010  0.046022  0.315718  0.060116  0.578134
0.000010  0.048927  0.329781  0.065218  0.556064
0.043239  0.035850  0.306199  0.046156  0.568557
0.000010  0.048543  0.316194  0.062806  0.572448
0.000010  0.054112  0.326768  0.050886  0.568224
0.000010  0.048231  0.289018  0.061138  0.601602
0.000010  0.055282  0.355951  0.047131  0.541626
0.000010  0.048551  0.353446  0.063395  0.534598
0.000010  0.000010  0.231283  0.000010  0.768686
0.000010  0.000010  0.253046  0.000010  0.746923
0.000010  0.000010  0.227802  0.000010  0.772168
0.000010  0.000010  0.208608  0.000010  0.791361
0.000010  0.000010  0.245948  0.000010  0.754022
0.000010  0.000010  0.262487  0.000010  0.737482
0.000010  0.000010  0.211319  0.000010  0.788651
0.000010  0.000010  0.225330  0.000010  0.774639
0.000010  0.000010  0.194833  0.000010  0.805136
0.000010  0.000010  0.212538  0.000010  0.787431
0.000010  0.000010  0.120864  0.000010  0.879105
0.000010  0.000010  0.000010  0.000010  0.999959
0.000010  0.000010  0.089061  0.000010  0.910909
0.000010  0.000010  0.106197  0.000010  0.893772
0.000010  0.000010  0.110238  0.000010  0.889731
0.000010  0.000010  0.000010  0.000010  0.999959
0.000010  0.000010  0.000010  0.000010  0.999959
0.000010  0.000010  0.084889  0.000010  0.915080
0.000010  0.000010  0.000010  0.000010  0.999959
0.000010  0.000010  0.073599  0.000010  0.926371
0.000010  0.876093  0.000010  0.123876  0.000010
0.000010  0.875935  0.000010  0.124035  0.000010
0.000010  0.854043  0.000010  0.145927  0.000010
0.000010  0.877786  0.000010  0.122183  0.000010
0.000010  0.891250  0.000010  0.108720  0.000010
0.000010  0.875016  0.000010  0.124954  0.000010
0.000010  0.873482  0.000010  0.126488  0.000010
0.000010  0.881822  0.000010  0.118147  0.000010
0.000010  0.872816  0.000010  0.127154  0.000010
0.000010  0.902152  0.000010  0.097818  0.000010
0.000010  0.915166  0.000010  0.084804  0.000010
0.000010  0.932156  0.000010  0.067813  0.000010
0.000010  0.909388  0.000010  0.090581  0.000010
0.000010  0.946167  0.000010  0.053802  0.000010
0.000010  0.956456  0.000010  0.043513  0.000010
0.000010  0.933697  0.000010  0.066272  0.000010
0.000010  0.931542  0.000010  0.068427  0.000010
0.000010  0.915809  0.000010  0.084160  0.000010
0.000010  0.930824  0.000010  0.069146  0.000010
0.000010  0.929964  0.000010  0.070005  0.000010
0.000010  0.000010  0.224896  0.000010  0.775074
0.000010  0.000010  0.210338  0.000010  0.789631
0.000010  0.000010  0.196751  0.000010  0.803219
0.000010  0.000010  0.230756  0.000010  0.769214
0.000010  0.000010  0.250750  0.000010  0.749220
0.000010  0.000010  0.231217  0.000010  0.768753
0.000010  0.000010  0.221176  0.000010  0.778794
0.000010  0.000010  0.215116  0.000010  0.784854
0.000010  0.000010  0.193277  0.000010  0.806692
0.000010  0.000010  0.214372  0.000010  0.785598
0.000010  0.000010  0.000010  0.000010  0.999959
0.000010  0.000010  0.152813  0.000010  0.847156
0.000010  0.000010  0.000010  0.000010  0.999959
0.000010  0.000010  0.000010  0.000010  0.999959
0.000010  0.000010  0.000010  0.000010  0.999959
0.000010  0.000010  0.000010  0.000010  0.999959
0.000010  0.000010  0.128162  0.000010  0.871808
0.000010  0.000010  0.113574  0.000010  0.886396
0.000010  0.000010  0.127481  0.000010  0.872488
0.000010  0.000010  0.000010  0.000010  0.999959
0.000010  0.028667  0.000010  0.000010  0.971303
0.000010  0.030803  0.000010  0.000010  0.969166
0.000010  0.013632  0.000010  0.014155  0.972193
0.000010  0.000010  0.015335  0.026964  0.957681
0.000010  0.026612  0.000010  0.000010  0.973358
0.000010  0.000010  0.025971  0.027650  0.946359
0.000010  0.029569  0.000010  0.000010  0.970401
0.000010  0.031593  0.000010  0.000010  0.968377
0.000010  0.027774  0.000010  0.000010  0.972196
0.000010  0.031385  0.000010  0.000010  0.968585
0.000010  0.000010  0.014323  0.000010  0.985646
0.000010  0.000010  0.000010  0.000010  0.999959
0.000010  0.000010  0.000010  0.000010  0.999959
0.000010  0.000010  0.000010  0.000010  0.999959
0.000010  0.000010  0.000010  0.000010  0.999959
0.000010  0.000010  0.000010  0.000010  0.999959
0.000010  0.000010  0.000010  0.000010  0.999959
0.000010  0.000010  0.000010  0.000010  0.999959
0.000010  0.000010  0.005378  0.000010  0.994591
0.000010  0.000010  0.000010  0.000010  0.999959
0.000010  0.000010  0.000010  0.000010  0.999959
0.000010  0.000010  0.000010  0.000010  0.999959
0.000010  0.000010  0.000010  0.000010  0.999959
0.000010  0.000010  0.000010  0.000010  0.999959
0.000010  0.000010  0.004456  0.000010  0.995513
0.000010  0.000010  0.000010  0.000010  0.999959
0.000010  0.000010  0.000010  0.000010  0.999959
0.000010  0.000010  0.021762  0.000010  0.978208
0.000010  0.000010  0.000010  0.000010  0.999959
0.000010  0.000010  0.007174  0.000010  0.992795
0.000010  0.942804  0.000010  0.057165  0.000010
0.000010  0.961458  0.000010  0.038512  0.000010
0.000010  0.937733  0.000010  0.062236  0.000010
0.000010  0.973061  0.000010  0.026909  0.000010
0.000010  0.980783  0.000010  0.019186  0.000010
0.000010  0.955676  0.000010  0.044294  0.000010
0.000010  0.937887  0.000010  0.062082  0.000010
0.000010  0.948061  0.000010  0.051909  0.000010
0.000010  0.961305  0.000010  0.038665  0.000010
0.000010  0.989036  0.000010  0.010933  0.000010
0.000010  0.000010  0.104021  0.000010  0.895949
0.000010  0.000010  0.122636  0.000010  0.877334
0.000010  0.000010  0.131567  0.000010  0.868403
0.000010  0.000010  0.126733  0.000010  0.873237
0.000010  0.000010  0.150825  0.000010  0.849145
0.000010  0.000010  0.137869  0.000010  0.862101
0.000010  0.000010  0.194837  0.000010  0.805133
0.000010  0.000010  0.156619  0.000010  0.843351
0.000010  0.000010  0.097483  0.000010  0.902487
0.000010  0.000010  0.106512  0.000010  0.893458
0.000010  0.000010  0.000010  0.000010  0.999959
0.000010  0.000010  0.000010  0.000010  0.999959
0.000010  0.000010  0.000010  0.000010  0.999959
0.000010  0.000010  0.000010  0.000010  0.999959
0.000010  0.000010  0.000010  0.000010  0.999959
0.000010  0.000010  0.000010  0.000010  0.999959
0.000010  0.000010  0.000010  0.000010  0.999959
0.000010  0.000010  0.000010  0.000010  0.999959
0.000010  0.000010  0.000010  0.000010  0.999959
0.000010  0.000010  0.000010  0.000010  0.999959
0.000010  0.000010  0.000010  0.000010  0.999959
0.000010  0.000010  0.000010  0.000010  0.999959
0.000010  0.000010  0.000010  0.000010  0.999959
0.000010  0.000010  0.000010  0.000010  0.999959
0.000010  0.000010  0.000010  0.000010  0.999959
0.000010  0.000010  0.000010  0.000010  0.999959
0.000010  0.000010  0.000010  0.000010  0.999959
0.000010  0.000010  0.000010  0.000010  0.999959
0.000010  0.000010  0.000010  0.000010  0.999959
0.000010  0.000010  0.000010  0.000010  0.999959
0.000010  0.000010  0.000010  0.000010  0.999959
0.000010  0.000010  0.000010  0.000010  0.999959
0.000010  0.000010  0.000010  0.000010  0.999959
0.000010  0.000010  0.000010  0.000010  0.999959
0.000010  0.000010  0.000010  0.000010  0.999959
0.000010  0.000010  0.000010  0.000010  0.999959
0.000010  0.000010  0.000010  0.000010  0.999959
0.000010  0.000010  0.000010  0.000010  0.999959
0.000010  0.000010  0.000010  0.000010  0.999959
0.000010  0.000010  0.000010  0.000010  0.999959
0.000010  0.000010  0.000010  0.000010  0.999959
0.000010  0.000010  0.000010  0.000010  0.999959
0.000010  0.000010  0.000010  0.000010  0.999959
0.000010  0.000010  0.000010  0.000010  0.999959
0.000010  0.000010  0.000010  0.000010  0.999959
0.000010  0.000010  0.000010  0.000010  0.999959
0.000010  0.000010  0.000010  0.000010  0.999959
0.000010  0.000010  0.000010  0.000010  0.999959
0.000010  0.000010  0.000010  0.000010  0.999959
0.000010  0.000010  0.000010  0.000010  0.999959
0.000010  0.000010  0.000010  0.000010  0.999959
0.000010  0.000010  0.000010  0.000010  0.999959
0.000010  0.000010  0.000010  0.000010  0.999959
0.000010  0.000010  0.000010  0.000010  0.999959
0.000010  0.000010  0.000010  0.000010  0.999959
0.000010  0.000010  0.000010  0.000010  0.999959
0.000010  0.000010  0.000010  0.000010  0.999959
0.000010  0.000010  0.000010  0.000010  0.999959
0.000010  0.000010  0.000010  0.000010  0.999959
0.000010  0.000010  0.000010  0.000010  0.999959
