0.083665  0.022827  0.875090  0.018418
0.079028  0.024284  0.873429  0.023259
0.079571  0.026551  0.858106  0.035771
0.109262  0.000014  0.872550  0.018174
0.075380  0.028364  0.866755  0.029501
0.078482  0.031315  0.873342  0.016860
0.094389  0.010135  0.867817  0.027660
0.087603  0.016706  0.871920  0.023771
0.087333  0.028171  0.861602  0.022894
0.106771  0.000013  0.874715  0.018501
0.000014  0.000014  0.989122  0.010851
0.000014  0.000014  0.952186  0.047786
0.000014  0.000014  0.968925  0.031048
0.000013  0.000013  0.962615  0.037359
0.000014  0.000014  0.972523  0.027450
0.000014  0.000014  0.952988  0.046985
0.000014  0.000014  0.945673  0.054299
0.000014  0.000013  0.974950  0.025023
0.000014  0.000014  0.983619  0.016354
0.000014  0.000014  0.966484  0.033489
0.632707  0.053430  0.258979  0.054884
0.638924  0.033501  0.271671  0.055904
0.638780  0.044790  0.295175  0.021255
0.653416  0.016848  0.294202  0.035534
0.651174  0.026362  0.278696  0.043769
0.654665  0.025525  0.278352  0.041458
0.631649  0.040001  0.293635  0.034716
0.660322  0.013902  0.295613  0.030163
0.625018  0.054936  0.281661  0.038385
0.625061  0.052226  0.288034  0.034679
0.833230  0.166744  0.000013  0.000013
0.861390  0.138584  0.000013  0.000013
0.879996  0.119978  0.000013  0.000013
0.834480  0.165494  0.000013  0.000013
0.830691  0.169282  0.000013  0.000013
0.810979  0.188995  0.000013  0.000013
0.850123  0.149851  0.000013  0.000013
0.837883  0.162091  0.000013  0.000013
0.835373  0.164600  0.000013  0.000013
0.857128  0.142846  0.000013  0.000013
0.406842  0.593132  0.000013  0.000013
0.427033  0.572941  0.000013  0.000013
0.360197  0.639777  0.000013  0.000013
0.399944  0.600030  0.000013  0.000013
0.427882  0.572092  0.000013  0.000013
0.413229  0.586744  0.000013  0.000013
0.391156  0.608818  0.000013  0.000013
0.411658  0.588316  0.000013  0.000013
0.371270  0.628704  0.000013  0.000013
0.397318  0.602656  0.000013  0.000013
0.078341  0.921633  0.000013  0.000013
0.080383  0.919590  0.000013  0.000013
0.094574  0.905400  0.000013  0.000013
0.055843  0.944131  0.000013  0.000013
0.083434  0.916540  0.000013  0.000013
0.046169  0.953805  0.000013  0.000013
0.083029  0.916945  0.000013  0.000013
0.117381  0.882593  0.000013  0.000013
0.027654  0.972320  0.000013  0.000013
0.075775  0.924199  0.000013  0.000013
0.000013  0.000013  0.969144  0.030829
0.000013  0.000013  0.984631  0.015343
0.000013  0.000013  0.980976  0.018998
0.000013  0.000013  0.982913  0.017061
0.000013  0.000013  0.976448  0.023526
0.000013  0.000013  0.984495  0.015479
0.000013  0.000013  0.980873  0.019101
0.000013  0.000013  0.981817  0.018157
0.000013  0.000013  0.977612  0.022362
0.000013  0.000013  0.977185  0.022789
0.668445  0.070312  0.251135  0.010108
0.641971  0.090252  0.267764  0.000013
0.636915  0.085078  0.277994  0.000013
0.690413  0.052192  0.255265  0.002130
0.675987  0.047660  0.268723  0.007631
0.641689  0.085430  0.264549  0.008331
0.649220  0.078381  0.256920  0.015479
0.657428  0.076603  0.252405  0.013563
0.640131  0.092491  0.263679  0.003698
0.617597  0.110350  0.272040  0.000013
0.769089  0.094044  0.136854  0.000013
0.787145  0.079990  0.132851  0.000014
0.746688  0.118189  0.122689  0.012435
0.756100  0.104985  0.138901  0.000014
0.772665  0.099484  0.106663  0.021188
0.767270  0.096746  0.113549  0.022435
0.756156  0.115458  0.092726  0.035660
0.751488  0.114419  0.123953  0.010140
0.765624  0.099687  0.116445  0.018244
0.762769  0.107980  0.124010  0.005240
0.618846  0.381128  0.000013  0.000013
0.637905  0.362069  0.000013  0.000013
0.620319  0.379655  0.000013  0.000013
0.605707  0.394267  0.000013  0.000013
0.585527  0.414447  0.000013  0.000013
0.560882  0.439092  0.000013  0.000013
0.592141  0.407833  0.000013  0.000013
0.575594  0.424380  0.000013  0.000013
0.572833  0.427141  0.000013  0.000013
0.602625  0.397349  0.000013  0.000013
0.229778  0.770196  0.000013  0.000013
0.247924  0.752050  0.000013  0.000013
0.265602  0.734372  0.000013  0.000013
0.248692  0.751282  0.000013  0.000013
0.236016  0.763957  0.000013  0.000013
0.243284  0.756690  0.000013  0.000013
0.254215  0.745759  0.000013  0.000013
0.262384  0.737590  0.000013  0.000013
0.287835  0.712139  0.000013  0.000013
0.270117  0.729857  0.000013  0.000013
0.007901  0.992073  0.000013  0.000013
0.000013  0.999960  0.000013  0.000013
0.000013  0.999960  0.000013  0.000013
0.000013  0.999960  0.000013  0.000013
0.000013  0.999960  0.000013  0.000013
0.000014  0.999960  0.000013  0.000013
0.000013  0.999960  0.000013  0.000013
0.000013  0.999960  0.000013  0.000013
0.000014  0.999960  0.000013  0.000013
0.000013  0.999960  0.000013  0.000013
0.000013  0.000013  0.999960  0.000013
0.000013  0.000013  0.989768  0.010206
0.000013  0.000013  0.989407  0.010567
0.000013  0.000013  0.982551  0.017423
0.000013  0.000013  0.992291  0.007683
0.000013  0.000013  0.985438  0.014536
0.000013  0.000013  0.993902  0.006072
0.000013  0.000013  0.982052  0.017922
0.000013  0.000013  0.977614  0.022360
0.000013  0.000013  0.992417  0.007557
0.000013  0.000013  0.950362  0.049612
0.000013  0.000013  0.953379  0.046595
0.000013  0.000013  0.946274  0.053700
0.000013  0.000013  0.955051  0.044923
0.000013  0.000013  0.948864  0.051109
0.000013  0.000013  0.946582  0.053392
0.000013  0.000013  0.931135  0.068839
0.000013  0.000013  0.926017  0.073957
0.000013  0.000013  0.928270  0.071703
0.000013  0.000013  0.955919  0.044055
0.000013  0.000013  0.735761  0.264213
0.000013  0.000013  0.746882  0.253091
0.000013  0.000013  0.784036  0.215938
0.000013  0.000013  0.771728  0.228246
0.000013  0.000013  0.778342  0.221632
0.000013  0.000013  0.773935  0.226039
0.000013  0.000013  0.790857  0.209117
0.000013  0.000013  0.791394  0.208580
0.000013  0.000013  0.776519  0.223454
0.000013  0.000013  0.767746  0.232228
0.337166  0.662808  0.000013  0.000013
0.360638  0.639336  0.000013  0.000013
0.351636  0.648338  0.000013  0.000013
0.377584  0.622390  0.000013  0.000013
0.331484  0.668490  0.000013  0.000013
0.356846  0.643128  0.000013  0.000013
0.350151  0.649823  0.000013  0.000013
0.346499  0.653475  0.000013  0.000013
0.375560  0.624414  0.000013  0.000013
0.359477  0.640497  0.000013  0.000013
0.052206  0.947768  0.000013  0.000013
0.020680  0.979294  0.000013  0.000013
0.025566  0.974408  0.000013  0.000013
0.000013  0.999960  0.000013  0.000013
0.000014  0.999960  0.000013  0.000013
0.041614  0.958360  0.000013  0.000013
0.000014  0.999960  0.000013  0.000013
0.019977  0.979997  0.000013  0.000013
0.047453  0.952521  0.000013  0.000013
0.031808  0.968166  0.000013  0.000013
0.000013  0.999960  0.000013  0.000013
0.000013  0.999960  0.000013  0.000013
0.000013  0.999960  0.000013  0.000013
0.000013  0.999960  0.000013  0.000013
0.000013  0.999960  0.000013  0.000013
0.000013  0.999960  0.000013  0.000013
0.000013  0.999960  0.000013  0.000013
0.000013  0.999960  0.000013  0.000013
0.000013  0.999960  0.000013  0.000013
0.000013  0.999960  0.000013  0.000013
0.000013  0.000013  0.999960  0.000014
0.000013  0.000013  0.999960  0.000013
0.000013  0.000013  0.999960  0.000013
0.000013  0.000013  0.999960  0.000013
0.000013  0.000013  0.999960  0.000013
0.000013  0.000013  0.991302  0.008671
0.000013  0.000013  0.999960  0.000014
0.000013  0.000013  0.999960  0.000013
0.000013  0.000013  0.981006  0.018967
0.000013  0.000013  0.993133  0.006840
0.046107  0.063070  0.758441  0.132382
0.036236  0.072221  0.800209  0.091335
0.056186  0.049377  0.789132  0.105305
0.070407  0.043738  0.789781  0.096074
0.055869  0.051859  0.765795  0.126477
0.054888  0.056458  0.767646  0.121008
0.036996  0.067919  0.765399  0.129686
0.047313  0.061835  0.785099  0.105752
0.054693  0.047896  0.815259  0.082152
0.042839  0.068701  0.805362  0.083098
0.000013  0.000013  0.594417  0.405557
0.000013  0.000013  0.616338  0.383635
0.000013  0.000013  0.601928  0.398046
0.000013  0.000013  0.577813  0.422160
0.000013  0.000013  0.634259  0.365714
0.000013  0.000013  0.613433  0.386541
0.000013  0.000013  0.583935  0.416039
0.000013  0.000013  0.632009  0.367965
0.000013  0.000013  0.553770  0.446204
0.000013  0.000013  0.588260  0.411714
0.000013  0.000013  0.313309  0.686665
0.000013  0.000013  0.300123  0.699851
0.000013  0.000013  0.275603  0.724371
0.000013  0.000013  0.300758  0.699215
0.000013  0.000013  0.296507  0.703467
0.000013  0.000013  0.319969  0.680005
0.000013  0.000013  0.329881  0.670093
0.000013  0.000013  0.289821  0.710153
0.000013  0.000013  0.314535  0.685439
0.000013  0.000013  0.278461  0.721512
0.000014  0.999960  0.000013  0.000013
0.000013  0.999960  0.000013  0.000013
0.000013  0.999960  0.000013  0.000013
0.000013  0.999960  0.000013  0.000013
0.000013  0.999960  0.000013  0.000013
0.000013  0.999960  0.000013  0.000013
0.000013  0.999960  0.000013  0.000013
0.000013  0.999960  0.000013  0.000013
0.000013  0.999960  0.000013  0.000013
0.000014  0.999960  0.000013  0.000013
0.000013  0.999960  0.000013  0.000013
0.000013  0.999960  0.000013  0.000013
0.000013  0.999960  0.000013  0.000013
0.000013  0.999960  0.000013  0.000013
0.000013  0.999960  0.000013  0.000013
0.000013  0.999960  0.000013  0.000013
0.000013  0.999960  0.000013  0.000013
0.000013  0.999960  0.000013  0.000013
0.000013  0.999960  0.000013  0.000013
0.000013  0.999960  0.000013  0.000013
0.000013  0.000013  0.999960  0.000013
0.000013  0.000013  0.955796  0.044178
0.000013  0.000013  0.963132  0.036842
0.000013  0.000013  0.947261  0.052713
0.000013  0.000013  0.955195  0.044779
0.000013  0.000013  0.970799  0.029174
0.000013  0.000013  0.930274  0.069700
0.000013  0.000013  0.968325  0.031649
0.000013  0.000013  0.939114  0.060860
0.000013  0.000013  0.973542  0.026432
0.000013  0.000013  0.782531  0.217442
0.000013  0.000013  0.818047  0.181927
0.000013  0.000013  0.793996  0.205978
0.000013  0.000013  0.740522  0.259452
0.000013  0.000013  0.754905  0.245068
0.000013  0.000013  0.795648  0.204326
0.000013  0.000013  0.763266  0.236708
0.000013  0.000013  0.753384  0.246590
0.000013  0.000013  0.773820  0.226153
0.000013  0.000013  0.758284  0.241690
0.000014  0.028882  0.402352  0.568752
0.017146  0.014384  0.354419  0.614051
0.027703  0.000014  0.345129  0.627155
0.026739  0.000014  0.373295  0.599952
0.026724  0.000014  0.377507  0.595755
0.027327  0.000014  0.414205  0.558455
0.029019  0.000014  0.359614  0.611353
0.000014  0.031919  0.377286  0.590781
0.000014  0.027838  0.367296  0.604853
0.000014  0.031333  0.372963  0.595690
0.000013  0.000013  0.147510  0.852464
0.000013  0.000013  0.142766  0.857208
0.000013  0.000013  0.134479  0.865495
0.000013  0.000013  0.145718  0.854256
0.000013  0.000013  0.117321  0.882653
0.000013  0.000013  0.129307  0.870667
0.000013  0.000013  0.171962  0.828012
0.000013  0.000013  0.154836  0.845138
0.000013  0.000013  0.158519  0.841455
0.000013  0.000013  0.126031  0.873943
0.000013  0.000013  0.050183  0.949791
0.000013  0.000013  0.047153  0.952821
0.000013  0.000013  0.049448  0.950526
0.000013  0.000013  0.024259  0.975715
0.000013  0.000013  0.055743  0.944230
0.000013  0.000013  0.051575  0.948398
0.000013  0.000013  0.049068  0.950906
0.000013  0.000013  0.067152  0.932822
0.000013  0.000013  0.028961  0.971013
0.000013  0.000013  0.026574  0.973400
0.000013  0.999960  0.000013  0.000013
0.000013  0.999960  0.000013  0.000013
0.000013  0.999960  0.000013  0.000013
0.000013  0.999960  0.000013  0.000013
0.000013  0.999960  0.000013  0.000013
0.000013  0.999960  0.000013  0.000013
0.000013  0.999960  0.000013  0.000013
0.000013  0.999960  0.000013  0.000013
0.000013  0.999960  0.000013  0.000013
0.000013  0.999960  0.000013  0.000013
0.000014  0.000014  0.818048  0.181925
0.000014  0.000014  0.882766  0.117207
0.000014  0.000014  0.848130  0.151842
0.000014  0.000014  0.862350  0.137621
0.000014  0.000014  0.899802  0.100170
0.000014  0.000014  0.844179  0.155793
0.000014  0.000014  0.880127  0.119845
0.000014  0.000014  0.876609  0.123364
0.000014  0.000014  0.828255  0.171717
0.000014  0.000014  0.841383  0.158590
0.000013  0.000013  0.662387  0.337586
0.000013  0.000013  0.651119  0.348855
0.000013  0.000013  0.651224  0.348750
0.000013  0.000013  0.696986  0.302988
0.000013  0.000013  0.672534  0.327440
0.000013  0.000013  0.659669  0.340305
0.000013  0.000013  0.660335  0.339639
0.000013  0.000013  0.684285  0.315689
0.000013  0.000013  0.630646  0.369328
0.000013  0.000013  0.643377  0.356597
0.000013  0.000013  0.324297  0.675677
0.000013  0.000013  0.308836  0.691138
0.000013  0.000013  0.314495  0.685479
0.000013  0.000013  0.322996  0.676978
0.000013  0.000013  0.323825  0.676148
0.000013  0.000013  0.335270  0.664704
0.000013  0.000013  0.305650  0.694324
0.000013  0.000013  0.304018  0.695956
0.000013  0.000013  0.336128  0.663846
0.000013  0.000013  0.325285  0.674689
0.000013  0.000013  0.083203  0.916770
0.000013  0.000013  0.063810  0.936164
0.000013  0.000013  0.081390  0.918583
0.000013  0.000013  0.078271  0.921702
0.000013  0.000013  0.090437  0.909537
0.000013  0.000013  0.083304  0.916669
0.000013  0.000013  0.088172  0.911802
0.000013  0.000013  0.085211  0.914763
0.000013  0.000013  0.072921  0.927052
0.000013  0.000013  0.098397  0.901577
0.000013  0.000013  0.004617  0.995357
0.000013  0.000013  0.003129  0.996845
0.000013  0.000013  0.015739  0.984235
0.000013  0.000013  0.014728  0.985246
0.000013  0.000013  0.012286  0.987688
0.000013  0.000013  0.011767  0.988207
0.000013  0.000013  0.006891  0.993083
0.000013  0.000013  0.006437  0.993537
0.000013  0.000013  0.004609  0.995365
0.000013  0.000013  0.008671  0.991303
0.000013  0.000013  0.000013  0.999960
0.000013  0.000013  0.000013  0.999960
0.000013  0.000013  0.011973  0.988000
0.000013  0.000013  0.005004  0.994970
0.000013  0.000013  0.005441  0.994533
0.000013  0.000013  0.006401  0.993573
0.000013  0.000013  0.014287  0.985687
0.000013  0.000013  0.011773  0.988201
0.000013  0.000013  0.002942  0.997032
0.000013  0.000013  0.002073  0.997901
