0.000010 0.000010 0.000010 0.999940 0.000010 0.000010 0.000010
0.000010 0.000010 0.000010 0.999940 0.000010 0.000010 0.000010
0.000010 0.000010 0.000010 0.999940 0.000010 0.000010 0.000010
0.000010 0.000010 0.000010 0.999940 0.000010 0.000010 0.000010
0.000010 0.000010 0.000010 0.999940 0.000010 0.000010 0.000010
0.000010 0.000010 0.000010 0.999940 0.000010 0.000010 0.000010
0.000010 0.000010 0.000010 0.999940 0.000010 0.000010 0.000010
0.000010 0.000010 0.000010 0.999940 0.000010 0.000010 0.000010
0.000010 0.000010 0.000010 0.999940 0.000010 0.000010 0.000010
0.000010 0.000010 0.000010 0.999940 0.000010 0.000010 0.000010
0.000010 0.000010 0.000010 0.999940 0.000010 0.000010 0.000010
0.000010 0.000010 0.000010 0.999940 0.000010 0.000010 0.000010
0.000010 0.000010 0.000010 0.999940 0.000010 0.000010 0.000010
0.000010 0.000010 0.000010 0.999940 0.000010 0.000010 0.000010
0.000010 0.000010 0.000010 0.999940 0.000010 0.000010 0.000010
0.000010 0.000010 0.000010 0.999940 0.000010 0.000010 0.000010
0.000010 0.000010 0.000010 0.999940 0.000010 0.000010 0.000010
0.000010 0.000010 0.000010 0.999940 0.000010 0.000010 0.000010
0.000010 0.000010 0.000010 0.999940 0.000010 0.000010 0.000010
0.000010 0.000010 0.000010 0.999940 0.000010 0.000010 0.000010
0.000010 0.000010 0.000010 0.691701 0.000010 0.000010 0.308249
0.000010 0.000010 0.000010 0.655005 0.000010 0.000010 0.344945
0.000010 0.000010 0.000010 0.690008 0.000010 0.000010 0.309942
0.006768 0.000010 0.000010 0.660489 0.000010 0.000010 0.332703
0.000010 0.000010 0.000010 0.663181 0.000010 0.000010 0.336769
0.000010 0.000010 0.000010 0.677391 0.000010 0.000010 0.322559
0.000010 0.000010 0.000010 0.680880 0.000010 0.000010 0.319070
0.000010 0.000010 0.000010 0.672065 0.000010 0.000010 0.327885
0.000010 0.000010 0.000010 0.662575 0.000010 0.000010 0.337375
0.000010 0.000010 0.000010 0.676788 0.000010 0.000010 0.323162
0.000010 0.000010 0.000010 0.214817 0.000010 0.000010 0.785133
0.000010 0.000010 0.000010 0.253349 0.000010 0.000010 0.746601
0.000010 0.000010 0.000010 0.247799 0.000010 0.000010 0.752151
0.000010 0.000010 0.000010 0.254439 0.000010 0.000010 0.745511
0.000010 0.000010 0.000010 0.210819 0.000010 0.000010 0.789131
0.000010 0.000010 0.000010 0.240510 0.000010 0.000010 0.759440
0.000010 0.000010 0.000010 0.217729 0.000010 0.000010 0.782221
0.000010 0.000010 0.000010 0.215269 0.000010 0.000010 0.784681
0.000010 0.000010 0.000010 0.232157 0.000010 0.000010 0.767793
0.000010 0.000010 0.000010 0.257223 0.000010 0.000010 0.742727
0.000010 0.000010 0.000010 0.000010 0.000010 0.000010 0.999940
0.000010 0.000010 0.000010 0.000010 0.000010 0.000010 0.999940
0.000010 0.000010 0.000010 0.000010 0.000010 0.000010 0.999940
0.000010 0.000010 0.000010 0.000010 0.000010 0.000010 0.999940
0.000010 0.000010 0.000010 0.000010 0.000010 0.000010 0.999940
0.000010 0.000010 0.000010 0.000010 0.000010 0.000010 0.999940
0.000010 0.000010 0.000010 0.000010 0.000010 0.000010 0.999940
0.000010 0.000010 0.000010 0.000010 0.000010 0.000010 0.999940
0.000010 0.000010 0.000010 0.000010 0.000010 0.000010 0.999940
0.000010 0.000010 0.000010 0.000010 0.000010 0.000010 0.999940
0.000010 0.000010 0.000010 0.000010 0.000010 0.000010 0.999940
0.000010 0.000010 0.000010 0.000010 0.000010 0.000010 0.999940
0.000010 0.000010 0.000010 0.000010 0.000010 0.000010 0.999940
0.000010 0.000010 0.000010 0.000010 0.000010 0.000010 0.999940
0.000010 0.000010 0.000010 0.000010 0.000010 0.000010 0.999940
0.000010 0.000010 0.000010 0.000010 0.000010 0.000010 0.999940
0.000010 0.000010 0.000010 0.000010 0.000010 0.000010 0.999940
0.000010 0.000010 0.000010 0.000010 0.000010 0.000010 0.999940
0.000010 0.000010 0.000010 0.000010 0.000010 0.000010 0.999940
0.000010 0.000010 0.000010 0.000010 0.000010 0.000010 0.999940
0.000010 0.000010 0.000010 0.629521 0.000010 0.370429 0.000010
0.000010 0.000010 0.000010 0.663196 0.000010 0.336754 0.000010
0.000010 0.000010 0.000010 0.648323 0.000010 0.351627 0.000010
0.000010 0.000010 0.000010 0.643884 0.000010 0.356066 0.000010
0.000010 0.000010 0.000010 0.633338 0.000010 0.366612 0.000010
0.000010 0.000010 0.000010 0.673677 0.000010 0.326273 0.000010
0.000010 0.000010 0.000010 0.633875 0.000010 0.366075 0.000010
0.000010 0.000010 0.000010 0.650260 0.000010 0.349690 0.000010
0.000010 0.000010 0.000010 0.650673 0.000010 0.349277 0.000010
0.000010 0.000010 0.000010 0.646560 0.000010 0.353390 0.000010
0.000010 0.000010 0.000010 0.768492 0.000010 0.231458 0.000010
0.034744 0.000010 0.000010 0.757669 0.000010 0.207548 0.000010
0.033145 0.000010 0.000010 0.743442 0.000015 0.223368 0.000010
0.000010 0.000010 0.000010 0.786985 0.000010 0.212965 0.000010
0.000010 0.000010 0.000010 0.819997 0.000010 0.179953 0.000010
0.000010 0.000010 0.000010 0.771925 0.000010 0.228025 0.000010
0.017034 0.000010 0.000010 0.774446 0.000010 0.208480 0.000010
0.014667 0.000010 0.000010 0.786979 0.000010 0.198314 0.000010
0.017188 0.000010 0.000010 0.778418 0.000010 0.204355 0.000010
0.002290 0.000010 0.000010 0.779997 0.000010 0.217673 0.000010
0.340765 0.000010 0.000010 0.556988 0.000010 0.000010 0.102207
0.330469 0.000010 0.000010 0.546716 0.000010 0.000010 0.122774
0.312483 0.000010 0.000010 0.566300 0.000010 0.000010 0.121178
0.344882 0.000010 0.000010 0.537251 0.000010 0.000010 0.117826
0.295731 0.000010 0.000010 0.557358 0.000010 0.000010 0.146871
0.321425 0.000010 0.000010 0.569142 0.000010 0.000010 0.109392
0.313199 0.000010 0.000010 0.529124 0.000010 0.000010 0.157637
0.313818 0.000010 0.000010 0.537677 0.000010 0.000010 0.148466
0.352684 0.000010 0.000010 0.530986 0.000010 0.000010 0.116291
0.370787 0.000010 0.000010 0.514697 0.000010 0.000010 0.114476
0.396406 0.000010 0.000010 0.049944 0.000010 0.000010 0.553610
0.378136 0.000010 0.000010 0.082344 0.000010 0.000010 0.539479
0.355282 0.000010 0.000010 0.076463 0.000010 0.000010 0.568215
0.382888 0.000010 0.000010 0.074336 0.000010 0.000010 0.542735
0.360070 0.000010 0.000010 0.089894 0.000010 0.000010 0.549996
0.342041 0.000010 0.000010 0.086411 0.000010 0.000010 0.571508
0.333801 0.000010 0.000010 0.083636 0.000010 0.000010 0.582524
0.346311 0.000010 0.000010 0.101876 0.000010 0.000010 0.551772
0.351663 0.000010 0.000010 0.077119 0.000010 0.000010 0.571178
0.368634 0.000010 0.000010 0.068714 0.000010 0.000010 0.562612
0.012691 0.000010 0.000010 0.000010 0.232247 0.000010 0.755022
0.006408 0.000010 0.000010 0.000010 0.217090 0.000010 0.776462
0.033583 0.000010 0.000010 0.000010 0.183856 0.000010 0.782521
0.000010 0.000010 0.000010 0.000010 0.220268 0.000010 0.779682
0.032422 0.000010 0.000010 0.000010 0.211699 0.000010 0.755839
0.055314 0.000010 0.000010 0.000010 0.190068 0.000010 0.754578
0.021919 0.000010 0.000010 0.000010 0.189104 0.000010 0.788937
0.025286 0.000010 0.000010 0.000010 0.188972 0.000010 0.785702
0.000076 0.000010 0.000010 0.000010 0.203124 0.000010 0.796759
0.009838 0.000010 0.000010 0.000010 0.239841 0.000010 0.750281
0.000010 0.000010 0.000010 0.000010 0.392515 0.000010 0.607435
0.000010 0.000010 0.000010 0.000010 0.403543 0.000010 0.596407
0.000010 0.000010 0.000010 0.000010 0.373279 0.000010 0.626671
0.000010 0.000010 0.000010 0.000010 0.381086 0.000010 0.618864
0.000010 0.000010 0.000010 0.000010 0.399510 0.000010 0.600440
0.000010 0.000010 0.000010 0.000010 0.393346 0.000010 0.606604
0.000010 0.000010 0.000010 0.000010 0.372798 0.000010 0.627152
0.000010 0.000010 0.000010 0.000010 0.385329 0.000010 0.614621
0.000010 0.000010 0.000010 0.000010 0.401650 0.000010 0.598300
0.000010 0.000010 0.000010 0.000010 0.390324 0.000010 0.609626
0.000010 0.000010 0.000010 0.008030 0.000010 0.991920 0.000010
0.000010 0.000010 0.000010 0.044738 0.000010 0.955212 0.000010
0.000010 0.000010 0.000010 0.000010 0.000010 0.999940 0.000010
0.000010 0.000010 0.000010 0.031563 0.000010 0.968387 0.000010
0.000010 0.000010 0.000010 0.000010 0.000010 0.999940 0.000010
0.000010 0.000010 0.000010 0.021765 0.000010 0.978185 0.000010
0.000010 0.000010 0.000010 0.030408 0.000010 0.969542 0.000010
0.000010 0.000010 0.000010 0.000010 0.000010 0.999940 0.000010
0.000010 0.000010 0.000010 0.032279 0.000010 0.967671 0.000010
0.000010 0.000010 0.000010 0.040492 0.000010 0.959458 0.000010
0.193849 0.000010 0.000010 0.109532 0.000010 0.696579 0.000010
0.162676 0.000010 0.000010 0.084409 0.000010 0.752875 0.000010
0.179987 0.000010 0.000010 0.102891 0.000010 0.717082 0.000010
0.171393 0.000010 0.000010 0.097852 0.000010 0.730714 0.000010
0.195271 0.000010 0.000010 0.066482 0.000010 0.738207 0.000010
0.187129 0.000010 0.000010 0.094491 0.000010 0.718340 0.000010
0.176840 0.000010 0.000010 0.082407 0.000010 0.740714 0.000010
0.188488 0.000010 0.000010 0.077919 0.000010 0.733553 0.000010
0.175588 0.000010 0.000010 0.100567 0.000010 0.723805 0.000010
0.200126 0.000010 0.000010 0.069066 0.000010 0.730768 0.000010
0.817460 0.000010 0.000010 0.082456 0.000010 0.100044 0.000010
0.860701 0.000010 0.000010 0.079231 0.000010 0.060028 0.000010
0.837606 0.000010 0.000010 0.086244 0.000010 0.076110 0.000010
0.856899 0.000010 0.000010 0.065469 0.000010 0.077592 0.000010
0.856662 0.000010 0.000010 0.092963 0.000010 0.050335 0.000010
0.842684 0.000010 0.000010 0.067235 0.000010 0.090041 0.000010
0.807755 0.000010 0.000010 0.103691 0.000010 0.088514 0.000010
0.820236 0.000010 0.000010 0.083971 0.000010 0.095753 0.000010
0.807809 0.000010 0.000010 0.086729 0.000010 0.105422 0.000010
0.846481 0.000010 0.000010 0.080478 0.000010 0.073001 0.000010
0.807189 0.000010 0.000010 0.000010 0.126781 0.000010 0.065990
0.802567 0.000010 0.000010 0.000010 0.128752 0.000010 0.068641
0.829293 0.000010 0.000010 0.000010 0.097787 0.000010 0.072880
0.818579 0.000010 0.000010 0.000010 0.105110 0.000010 0.076271
0.794642 0.000010 0.000010 0.000010 0.138585 0.000010 0.066733
0.826679 0.000010 0.000010 0.000010 0.136039 0.000010 0.037242
0.806470 0.000010 0.000010 0.000010 0.135445 0.000010 0.058045
0.805614 0.000010 0.000010 0.000010 0.128074 0.000010 0.066272
0.801595 0.000010 0.000010 0.000010 0.108289 0.000010 0.090075
0.799066 0.000010 0.000010 0.000010 0.120367 0.000010 0.080527
0.212612 0.000010 0.000010 0.000010 0.754585 0.000010 0.032763
0.223616 0.000010 0.000010 0.000010 0.764724 0.000010 0.011621
0.210553 0.000010 0.000010 0.000010 0.772107 0.000010 0.017300
0.166780 0.000010 0.000010 0.000010 0.760200 0.000010 0.072980
0.220934 0.000010 0.000010 0.000010 0.740899 0.000010 0.038127
0.197623 0.000010 0.000010 0.000010 0.721645 0.000010 0.080693
0.198614 0.000010 0.000010 0.000010 0.759320 0.000010 0.042025
0.219410 0.000010 0.000010 0.000010 0.718715 0.000010 0.061834
0.203699 0.000010 0.000010 0.000010 0.776558 0.000010 0.019703
0.212812 0.000010 0.000010 0.000010 0.728527 0.000010 0.058621
0.000010 0.000010 0.000010 0.000010 0.999940 0.000010 0.000010
0.000010 0.000010 0.000010 0.000010 0.999940 0.000010 0.000010
0.000010 0.000010 0.000010 0.000010 0.999940 0.000010 0.000010
0.000010 0.000010 0.000010 0.000010 0.998764 0.000010 0.001186
0.000010 0.000010 0.000010 0.000010 0.999940 0.000010 0.000010
0.000010 0.000010 0.000010 0.000010 0.984278 0.000010 0.015672
0.000010 0.000010 0.000010 0.000010 0.999940 0.000010 0.000010
0.000010 0.000010 0.000010 0.000010 0.975201 0.000010 0.024749
0.000010 0.000010 0.000010 0.000010 0.999940 0.000010 0.000010
0.000010 0.000010 0.000010 0.000010 0.999940 0.000010 0.000010
0.000010 0.000010 0.143797 0.000010 0.000010 0.856153 0.000010
0.000010 0.000010 0.120099 0.000010 0.000010 0.879851 0.000010
0.000010 0.000010 0.112758 0.000010 0.000010 0.887192 0.000010
0.000010 0.000010 0.152505 0.000010 0.000010 0.847445 0.000010
0.000010 0.000010 0.128566 0.000010 0.000010 0.871384 0.000010
0.000010 0.000010 0.141172 0.000010 0.000010 0.858778 0.000010
0.000010 0.000010 0.137197 0.000010 0.000010 0.862753 0.000010
0.000010 0.000010 0.128718 0.000010 0.000010 0.871232 0.000010
0.000010 0.000010 0.136871 0.000010 0.000010 0.863079 0.000010
0.000010 0.000010 0.123170 0.000010 0.000010 0.876780 0.000010
0.159711 0.000010 0.225059 0.000010 0.000010 0.615190 0.000010
0.174345 0.000010 0.241645 0.000010 0.000010 0.583969 0.000010
0.150682 0.000010 0.236806 0.000010 0.000010 0.612471 0.000010
0.199091 0.000010 0.227619 0.000010 0.000010 0.573249 0.000010
0.171916 0.000010 0.208053 0.000010 0.000010 0.619991 0.000010
0.156089 0.000010 0.244024 0.000010 0.000010 0.599847 0.000010
0.170072 0.000010 0.228865 0.000010 0.000010 0.601023 0.000010
0.177480 0.000010 0.236367 0.000010 0.000010 0.586113 0.000010
0.174506 0.000010 0.214189 0.000010 0.000010 0.611265 0.000010
0.176064 0.000010 0.217313 0.000010 0.000010 0.606583 0.000010
0.797338 0.000010 0.160353 0.000010 0.000010 0.042269 0.000010
0.780546 0.000010 0.156504 0.000010 0.000010 0.062910 0.000010
0.781441 0.000010 0.182013 0.000010 0.000010 0.036506 0.000010
0.808881 0.000010 0.159310 0.000010 0.000010 0.031769 0.000010
0.779546 0.000010 0.153298 0.000010 0.000010 0.067117 0.000010
0.795599 0.000010 0.158383 0.000010 0.000010 0.045978 0.000010
0.793191 0.000010 0.181821 0.000010 0.000010 0.024948 0.000010
0.761101 0.000010 0.164379 0.000010 0.000010 0.074480 0.000010
0.775234 0.000010 0.123551 0.000010 0.000010 0.101175 0.000010
0.800601 0.000010 0.155841 0.000010 0.000010 0.043518 0.000010
0.777022 0.181937 0.000010 0.000010 0.041001 0.000010 0.000010
0.761641 0.198724 0.000010 0.000010 0.039595 0.000010 0.000010
0.762515 0.174817 0.000010 0.000010 0.062628 0.000010 0.000010
0.766107 0.160908 0.000010 0.000010 0.072945 0.000010 0.000010
0.783987 0.171430 0.000010 0.000010 0.044543 0.000010 0.000010
0.791784 0.164800 0.000010 0.000010 0.043376 0.000010 0.000010
0.770236 0.194438 0.000010 0.000010 0.035286 0.000010 0.000010
0.771341 0.192340 0.000010 0.000010 0.036279 0.000010 0.000010
0.788059 0.174174 0.000010 0.000010 0.037727 0.000010 0.000010
0.795824 0.154071 0.000010 0.000010 0.050065 0.000010 0.000010
0.177295 0.223032 0.000010 0.000010 0.599633 0.000010 0.000010
0.211021 0.220854 0.000010 0.000010 0.568085 0.000010 0.000010
0.164577 0.250364 0.000010 0.000010 0.585019 0.000010 0.000010
0.192367 0.243436 0.000010 0.000010 0.564157 0.000010 0.000010
0.172739 0.235667 0.000010 0.000010 0.591554 0.000010 0.000010
0.147136 0.232767 0.000010 0.000010 0.620057 0.000010 0.000010
0.187313 0.231217 0.000010 0.000010 0.581430 0.000010 0.000010
0.170009 0.239263 0.000010 0.000010 0.590688 0.000010 0.000010
0.170950 0.276203 0.000010 0.000010 0.552807 0.000010 0.000010
0.142641 0.244047 0.000010 0.000010 0.613272 0.000010 0.000010
0.000010 0.143256 0.000010 0.000010 0.856694 0.000010 0.000010
0.000010 0.142641 0.000010 0.000010 0.857309 0.000010 0.000010
0.000010 0.140352 0.000010 0.000010 0.859598 0.000010 0.000010
0.000010 0.130611 0.000010 0.000010 0.869339 0.000010 0.000010
0.000010 0.119794 0.000010 0.000010 0.880156 0.000010 0.000010
0.000010 0.150752 0.000010 0.000010 0.849198 0.000010 0.000010
0.000010 0.143107 0.000010 0.000010 0.856843 0.000010 0.000010
0.000010 0.172021 0.000010 0.000010 0.827929 0.000010 0.000010
0.000010 0.134392 0.000010 0.000010 0.865558 0.000010 0.000010
0.000010 0.140725 0.000010 0.000010 0.859225 0.000010 0.000010
0.000010 0.000010 0.747867 0.000010 0.000010 0.252083 0.000010
0.000010 0.000010 0.705255 0.000010 0.000010 0.294695 0.000010
0.000010 0.000010 0.729856 0.000010 0.000010 0.270094 0.000010
0.000010 0.000010 0.742150 0.000010 0.000010 0.257800 0.000010
0.000010 0.000010 0.773759 0.000010 0.000010 0.226191 0.000010
0.000010 0.000010 0.723261 0.000010 0.000010 0.276689 0.000010
0.000010 0.000010 0.729320 0.000010 0.000010 0.270630 0.000010
0.000010 0.000010 0.739092 0.000010 0.000010 0.260858 0.000010
0.000010 0.000010 0.738741 0.000010 0.000010 0.261209 0.000010
0.000010 0.000010 0.751187 0.000010 0.000010 0.248763 0.000010
0.024288 0.000010 0.813781 0.000010 0.000010 0.161891 0.000010
0.012208 0.000010 0.872789 0.000010 0.000010 0.114963 0.000010
0.057834 0.000010 0.802391 0.000010 0.000010 0.139735 0.000010
0.035373 0.000010 0.859085 0.000010 0.000010 0.105503 0.000010
0.037166 0.000010 0.855823 0.000010 0.000010 0.106971 0.000010
0.040554 0.000010 0.863505 0.000010 0.000010 0.095901 0.000010
0.039802 0.000010 0.851015 0.000010 0.000010 0.109142 0.000010
0.050870 0.000010 0.864093 0.000010 0.000010 0.084997 0.000010
0.030010 0.000010 0.828486 0.000010 0.000010 0.141463 0.000010
0.047358 0.000010 0.842657 0.000010 0.000010 0.109945 0.000010
0.299222 0.142721 0.558017 0.000010 0.000010 0.000010 0.000010
0.320882 0.112102 0.566976 0.000010 0.000010 0.000010 0.000010
0.293697 0.133987 0.572275 0.000010 0.000010 0.000010 0.000010
0.305093 0.135368 0.559499 0.000010 0.000010 0.000010 0.000010
0.305105 0.134407 0.560448 0.000010 0.000010 0.000010 0.000010
0.278538 0.152518 0.568904 0.000010 0.000010 0.000010 0.000010
0.279567 0.167289 0.553104 0.000010 0.000010 0.000010 0.000010
0.289437 0.150225 0.560299 0.000010 0.000010 0.000010 0.000010
0.296170 0.115907 0.587884 0.000010 0.000010 0.000010 0.000010
0.304870 0.126847 0.568243 0.000010 0.000010 0.000010 0.000010
0.289616 0.558532 0.151812 0.000010 0.000010 0.000010 0.000010
0.241266 0.605294 0.153400 0.000010 0.000010 0.000010 0.000010
0.254904 0.601171 0.143886 0.000010 0.000010 0.000010 0.000010
0.263528 0.577272 0.159160 0.000010 0.000010 0.000010 0.000010
0.258361 0.607354 0.134244 0.000010 0.000010 0.000010 0.000010
0.271063 0.601578 0.127319 0.000010 0.000010 0.000010 0.000010
0.264604 0.586494 0.148862 0.000010 0.000010 0.000010 0.000010
0.239483 0.616115 0.144362 0.000010 0.000010 0.000010 0.000010
0.246354 0.610787 0.142819 0.000010 0.000010 0.000010 0.000010
0.266581 0.608932 0.124447 0.000010 0.000010 0.000010 0.000010
0.057295 0.838795 0.000010 0.000010 0.103870 0.000010 0.000010
0.068565 0.833377 0.000010 0.000010 0.098018 0.000010 0.000010
0.062423 0.827512 0.000010 0.000010 0.110025 0.000010 0.000010
0.048598 0.823372 0.000010 0.000010 0.127990 0.000010 0.000010
0.019536 0.859918 0.000010 0.000010 0.120506 0.000010 0.000010
0.055682 0.837396 0.000010 0.000010 0.106882 0.000010 0.000010
0.062227 0.832462 0.000010 0.000010 0.105271 0.000010 0.000010
0.066123 0.842085 0.000010 0.000010 0.091752 0.000010 0.000010
0.090960 0.809277 0.000010 0.000010 0.099723 0.000010 0.000010
0.050218 0.826284 0.000013 0.000010 0.123455 0.000010 0.000010
0.000010 0.765569 0.000010 0.000010 0.234381 0.000010 0.000010
0.000010 0.771292 0.000010 0.000010 0.228658 0.000010 0.000010
0.000010 0.780869 0.000010 0.000010 0.219081 0.000010 0.000010
0.000010 0.760781 0.000010 0.000010 0.239169 0.000010 0.000010
0.000010 0.770734 0.000010 0.000010 0.229216 0.000010 0.000010
0.000010 0.777671 0.000010 0.000010 0.222279 0.000010 0.000010
0.000010 0.764188 0.000010 0.000010 0.235762 0.000010 0.000010
0.000010 0.776162 0.000010 0.000010 0.223788 0.000010 0.000010
0.000010 0.795310 0.000010 0.000010 0.204640 0.000010 0.000010
0.000010 0.773218 0.000010 0.000010 0.226732 0.000010 0.000010
0.000010 0.000010 0.996215 0.000010 0.000010 0.003735 0.000010
0.000010 0.000010 0.999940 0.000010 0.000010 0.000010 0.000010
0.000010 0.000010 0.999940 0.000010 0.000010 0.000010 0.000010
0.000010 0.000010 0.999940 0.000010 0.000010 0.000010 0.000010
0.000010 0.000010 0.999940 0.000010 0.000010 0.000010 0.000010
0.000010 0.000010 0.999940 0.000010 0.000010 0.000010 0.000010
0.000010 0.000010 0.999940 0.000010 0.000010 0.000010 0.000010
0.000010 0.000010 0.999940 0.000010 0.000010 0.000010 0.000010
0.000010 0.000010 0.999940 0.000010 0.000010 0.000010 0.000010
0.000010 0.000010 0.988975 0.000010 0.000010 0.010975 0.000010
0.000010 0.000010 0.999940 0.000010 0.000010 0.000010 0.000010
0.000010 0.000010 0.999940 0.000010 0.000010 0.000010 0.000010
0.000010 0.000010 0.999940 0.000010 0.000010 0.000010 0.000010
0.000010 0.000010 0.999940 0.000010 0.000010 0.000010 0.000010
0.000010 0.000010 0.999940 0.000010 0.000010 0.000010 0.000010
0.000010 0.000010 0.999940 0.000010 0.000010 0.000010 0.000010
0.000010 0.000010 0.999940 0.000010 0.000010 0.000010 0.000010
0.000010 0.000010 0.999940 0.000010 0.000010 0.000010 0.000010
0.000010 0.000010 0.999940 0.000010 0.000010 0.000010 0.000010
0.000010 0.000010 0.999940 0.000010 0.000010 0.000010 0.000010
0.000010 0.280861 0.719089 0.000010 0.000010 0.000010 0.000010
0.000010 0.248094 0.751856 0.000010 0.000010 0.000010 0.000010
0.000010 0.281858 0.718092 0.000010 0.000010 0.000010 0.000010
0.000010 0.253188 0.746762 0.000010 0.000010 0.000010 0.000010
0.000010 0.286654 0.713296 0.000010 0.000010 0.000010 0.000010
0.000010 0.268122 0.731828 0.000010 0.000010 0.000010 0.000010
0.000010 0.285511 0.714439 0.000010 0.000010 0.000010 0.000010
0.000010 0.271430 0.728520 0.000010 0.000010 0.000010 0.000010
0.000010 0.274426 0.725524 0.000010 0.000010 0.000010 0.000010
0.000010 0.290658 0.709292 0.000010 0.000010 0.000010 0.000010
0.000010 0.741433 0.258517 0.000010 0.000010 0.000010 0.000010
0.000010 0.732619 0.267331 0.000010 0.000010 0.000010 0.000010
0.000010 0.741672 0.258278 0.000010 0.000010 0.000010 0.000010
0.000010 0.735675 0.264275 0.000010 0.000010 0.000010 0.000010
0.000010 0.750672 0.249278 0.000010 0.000010 0.000010 0.000010
0.000010 0.743989 0.255961 0.000010 0.000010 0.000010 0.000010
0.000010 0.732279 0.267671 0.000010 0.000010 0.000010 0.000010
0.000010 0.741425 0.258525 0.000010 0.000010 0.000010 0.000010
0.000010 0.758043 0.241907 0.000010 0.000010 0.000010 0.000010
0.000010 0.718008 0.281942 0.000010 0.000010 0.000010 0.000010
0.000010 0.999940 0.000010 0.000010 0.000010 0.000010 0.000010
0.000010 0.999940 0.000010 0.000010 0.000010 0.000010 0.000010
0.000010 0.999940 0.000010 0.000010 0.000010 0.000010 0.000010
0.000010 0.999940 0.000010 0.000010 0.000010 0.000010 0.000010
0.000010 0.999940 0.000010 0.000010 0.000010 0.000010 0.000010
0.000010 0.999940 0.000010 0.000010 0.000010 0.000010 0.000010
0.000010 0.999940 0.000010 0.000010 0.000010 0.000010 0.000010
0.000010 0.999940 0.000010 0.000010 0.000010 0.000010 0.000010
0.000010 0.999940 0.000010 0.000010 0.000010 0.000010 0.000010
0.000010 0.999940 0.000010 0.000010 0.000010 0.000010 0.000010
0.000010 0.999940 0.000010 0.000010 0.000010 0.000010 0.000010
0.000010 0.999068 0.000010 0.000010 0.000882 0.000010 0.000010
0.000010 0.999940 0.000010 0.000010 0.000010 0.000010 0.000010
0.000010 0.999940 0.000010 0.000010 0.000010 0.000010 0.000010
0.000010 0.999940 0.000010 0.000010 0.000010 0.000010 0.000010
0.000010 0.999940 0.000010 0.000010 0.000010 0.000010 0.000010
0.000010 0.999940 0.000010 0.000010 0.000010 0.000010 0.000010
0.000010 0.999940 0.000010 0.000010 0.000010 0.000010 0.000010
0.000010 0.999940 0.000010 0.000010 0.000010 0.000010 0.000010
0.000010 0.999940 0.000010 0.000010 0.000010 0.000010 0.000010
