0.000010 0.000010 0.000011 0.000010 0.999959
0.000010 0.000010 0.000010 0.000010 0.999960
0.000010 0.000010 0.000010 0.000010 0.999960
0.000010 0.000010 0.000010 0.000010 0.999960
0.000010 0.000010 0.000010 0.000010 0.999960
0.000010 0.000010 0.000010 0.000010 0.999960
0.000010 0.000010 0.000010 0.000010 0.999960
0.000010 0.000010 0.000010 0.000010 0.999960
0.000010 0.000010 0.000010 0.000010 0.999960
0.000010 0.000010 0.000010 0.000010 0.999960
0.000010 0.000010 0.000010 0.000010 0.999960
0.000010 0.000010 0.000010 0.000010 0.999960
0.000010 0.000010 0.000010 0.000010 0.999960
0.000010 0.000010 0.000010 0.000010 0.999960
0.000010 0.013912 0.000010 0.000010 0.986058
0.000010 0.000010 0.000010 0.000010 0.999960
0.000010 0.000010 0.000010 0.000010 0.999960
0.000010 0.000010 0.000010 0.000010 0.999960
0.000010 0.000010 0.000010 0.000010 0.999960
0.000010 0.000010 0.000010 0.000010 0.999960
0.000010 0.290808 0.000010 0.000010 0.709162
0.000010 0.324307 0.000010 0.000010 0.675663
0.000010 0.294830 0.000010 0.000010 0.705140
0.000010 0.323280 0.000010 0.000010 0.676690
0.000010 0.334443 0.000010 0.000010 0.665527
0.000010 0.301877 0.000010 0.000010 0.698093
0.000010 0.314887 0.000010 0.000010 0.685083
0.000010 0.310157 0.000010 0.000010 0.689813
0.000010 0.331045 0.000010 0.000010 0.668925
0.000010 0.315740 0.000010 0.000010 0.684230
0.000010 0.734107 0.000010 0.000010 0.265863
0.000010 0.701789 0.000010 0.000010 0.298181
0.000010 0.717081 0.000010 0.000010 0.282889
0.000010 0.701111 0.000010 0.000010 0.298859
0.000010 0.731479 0.000010 0.000010 0.268491
0.000010 0.719370 0.000010 0.000010 0.280600
0.000010 0.739216 0.000010 0.000010 0.260754
0.000010 0.725623 0.000010 0.000010 0.274347
0.000010 0.712745 0.000010 0.000010 0.287225
0.000010 0.698446 0.000010 0.000010 0.301524
0.000010 0.999960 0.000010 0.000010 0.000010
0.000010 0.999960 0.000010 0.000010 0.000010
0.000010 0.999960 0.000010 0.000010 0.000010
0.000010 0.999960 0.000010 0.000010 0.000010
0.000010 0.999960 0.000010 0.000010 0.000010
0.000010 0.999960 0.000010 0.000010 0.000010
0.000010 0.999960 0.000010 0.000010 0.000010
0.000010 0.999960 0.000010 0.000010 0.000010
0.000010 0.999960 0.000010 0.000010 0.000010
0.000010 0.999960 0.000010 0.000010 0.000010
0.000010 0.999960 0.000010 0.000010 0.000010
0.000010 0.999960 0.000010 0.000010 0.000010
0.000010 0.999960 0.000010 0.000010 0.000010
0.000010 0.999960 0.000010 0.000010 0.000010
0.000010 0.999960 0.000010 0.000010 0.000010
0.000010 0.999960 0.000010 0.000010 0.000010
0.000010 0.999960 0.000010 0.000010 0.000010
0.000010 0.999960 0.000010 0.000010 0.000010
0.000010 0.999960 0.000010 0.000010 0.000010
0.000010 0.999960 0.000010 0.000010 0.000010
0.000010 0.000010 0.019423 0.000010 0.980547
0.000010 0.000010 0.029333 0.000010 0.970637
0.000010 0.000010 0.029225 0.000010 0.970745
0.000010 0.000010 0.037239 0.000010 0.962731
0.000010 0.000010 0.022213 0.000010 0.977757
0.000010 0.000010 0.028549 0.000010 0.971421
0.000010 0.000010 0.028904 0.000010 0.971066
0.000010 0.000010 0.012077 0.000010 0.987893
0.000010 0.000010 0.031745 0.000010 0.968225
0.000010 0.000010 0.007766 0.000010 0.992204
0.000010 0.000010 0.001115 0.000010 0.998855
0.000010 0.000010 0.000010 0.000010 0.999960
0.000010 0.000010 0.000010 0.000010 0.999960
0.000010 0.000010 0.000010 0.000010 0.999960
0.000010 0.000010 0.000010 0.000010 0.999960
0.000010 0.000010 0.000010 0.000010 0.999960
0.000010 0.000010 0.000010 0.000010 0.999960
0.000010 0.000010 0.000010 0.000010 0.999960
0.000010 0.000010 0.000010 0.000010 0.999960
0.000010 0.000010 0.000010 0.000010 0.999960
0.000010 0.256005 0.000010 0.003127 0.740848
0.000010 0.255331 0.000010 0.000010 0.744639
0.000010 0.254459 0.000010 0.000010 0.745511
0.000010 0.245822 0.000010 0.026870 0.727288
0.000010 0.258955 0.000010 0.005616 0.735409
0.000010 0.221575 0.000010 0.024077 0.754328
0.000010 0.278316 0.000010 0.014084 0.707580
0.000010 0.267182 0.000010 0.000010 0.732788
0.000010 0.254695 0.000010 0.007960 0.737325
0.000010 0.255660 0.000010 0.014916 0.729405
0.000010 0.732778 0.000010 0.020351 0.246851
0.000010 0.713919 0.000010 0.041134 0.244927
0.000010 0.732430 0.000010 0.018761 0.248789
0.000010 0.709470 0.000010 0.028870 0.261640
0.000010 0.706153 0.000010 0.042714 0.251113
0.000010 0.722143 0.000010 0.027880 0.249958
0.000010 0.736529 0.000010 0.025281 0.238170
0.000010 0.730155 0.000010 0.000010 0.269815
0.000010 0.740369 0.000010 0.011926 0.247685
0.000010 0.721479 0.000010 0.039232 0.239269
0.000010 0.999960 0.000010 0.000010 0.000010
0.000010 0.999960 0.000010 0.000010 0.000010
0.000010 0.999960 0.000010 0.000010 0.000010
0.000010 0.999960 0.000010 0.000010 0.000010
0.000010 0.999960 0.000010 0.000010 0.000010
0.000010 0.982981 0.000010 0.015410 0.001589
0.000010 0.999960 0.000010 0.000010 0.000010
0.000010 0.999960 0.000010 0.000010 0.000010
0.000010 0.999960 0.000010 0.000010 0.000010
0.000010 0.999960 0.000010 0.000010 0.000010
0.014082 0.985888 0.000010 0.000010 0.000010
0.022775 0.977195 0.000010 0.000010 0.000010
0.011507 0.988463 0.000010 0.000010 0.000010
0.023316 0.976654 0.000010 0.000010 0.000010
0.018266 0.981704 0.000010 0.000010 0.000010
0.029309 0.970661 0.000010 0.000010 0.000010
0.008617 0.991353 0.000010 0.000010 0.000010
0.017878 0.982092 0.000010 0.000010 0.000010
0.022035 0.977935 0.000010 0.000010 0.000010
0.029203 0.970767 0.000010 0.000010 0.000010
0.000010 0.000010 0.301320 0.000010 0.698650
0.000010 0.000010 0.307873 0.000010 0.692097
0.000010 0.000010 0.342396 0.000010 0.657574
0.000010 0.000010 0.334383 0.000010 0.665587
0.000010 0.000010 0.317207 0.000010 0.682763
0.000010 0.000010 0.344249 0.000010 0.655721
0.000010 0.000010 0.323429 0.000010 0.676541
0.000010 0.000010 0.346058 0.000010 0.653912
0.000010 0.000010 0.327918 0.000010 0.672052
0.000010 0.000010 0.329372 0.000010 0.670598
0.000010 0.000010 0.188498 0.083915 0.727567
0.000010 0.000010 0.231602 0.060986 0.707392
0.000010 0.000010 0.170531 0.088862 0.740586
0.000010 0.000010 0.182441 0.069211 0.748328
0.000010 0.000010 0.190692 0.081468 0.727820
0.000010 0.000010 0.200258 0.061870 0.737853
0.000010 0.000010 0.209260 0.059655 0.731065
0.000010 0.000010 0.194085 0.079914 0.725981
0.000010 0.000010 0.174982 0.095379 0.729619
0.000010 0.000010 0.190221 0.090405 0.719354
0.000010 0.120177 0.000010 0.416892 0.462911
0.000010 0.136493 0.000010 0.408538 0.454949
0.000010 0.143476 0.000010 0.404850 0.451654
0.000010 0.130515 0.000010 0.405702 0.463763
0.000010 0.136214 0.000010 0.388025 0.475740
0.000010 0.127851 0.000010 0.398006 0.474123
0.000010 0.113650 0.000010 0.385425 0.500905
0.000010 0.120153 0.000010 0.394984 0.484843
0.000010 0.105998 0.000010 0.405616 0.488366
0.000010 0.130501 0.000010 0.408566 0.460913
0.000010 0.478345 0.000010 0.383423 0.138212
0.000010 0.487277 0.000010 0.384643 0.128060
0.000010 0.492449 0.000010 0.376886 0.130645
0.000010 0.475561 0.000010 0.399187 0.125232
0.000010 0.496538 0.000010 0.380569 0.122873
0.000010 0.469850 0.000010 0.401325 0.128805
0.000010 0.464841 0.000010 0.402238 0.132901
0.000010 0.479121 0.000010 0.394463 0.126396
0.000010 0.483926 0.000010 0.383971 0.132083
0.000010 0.471111 0.000010 0.410764 0.118105
0.127435 0.685902 0.000010 0.186644 0.000010
0.142391 0.684236 0.000010 0.173353 0.000010
0.157973 0.668616 0.000010 0.173391 0.000010
0.184583 0.713797 0.000010 0.101600 0.000010
0.157496 0.691560 0.000010 0.150924 0.000010
0.138853 0.711820 0.000010 0.149307 0.000010
0.155623 0.694478 0.000010 0.149879 0.000010
0.145064 0.690859 0.000010 0.164057 0.000010
0.131069 0.698054 0.000010 0.170857 0.000010
0.145784 0.681159 0.000010 0.173036 0.000010
0.295548 0.704422 0.000010 0.000010 0.000010
0.291294 0.708676 0.000010 0.000010 0.000010
0.286772 0.713198 0.000010 0.000010 0.000010
0.295688 0.704282 0.000010 0.000010 0.000010
0.318240 0.681730 0.000010 0.000010 0.000010
0.297982 0.701988 0.000010 0.000010 0.000010
0.285722 0.714248 0.000010 0.000010 0.000010
0.290848 0.709122 0.000010 0.000010 0.000010
0.311050 0.688920 0.000010 0.000010 0.000010
0.306370 0.693600 0.000010 0.000010 0.000010
0.000010 0.000010 0.763422 0.000010 0.236548
0.000010 0.000010 0.753425 0.000010 0.246545
0.000010 0.000010 0.755406 0.000010 0.244564
0.000010 0.000010 0.788155 0.000010 0.211815
0.000010 0.000010 0.763373 0.000010 0.236597
0.000010 0.000010 0.773791 0.000010 0.226179
0.000010 0.000010 0.776070 0.000010 0.223900
0.000010 0.000010 0.773521 0.000010 0.226449
0.000010 0.000010 0.765139 0.000010 0.234831
0.000013 0.000010 0.750678 0.000010 0.249290
0.000016 0.000010 0.571220 0.178022 0.250732
0.000010 0.000010 0.576183 0.206137 0.217660
0.000010 0.000010 0.577716 0.174444 0.247820
0.000010 0.000010 0.553674 0.190707 0.255598
0.000010 0.000010 0.573110 0.169690 0.257180
0.000010 0.000010 0.587528 0.155211 0.257241
0.000010 0.000010 0.564675 0.205108 0.230197
0.000010 0.000010 0.559852 0.187458 0.252670
0.000010 0.000010 0.573409 0.185801 0.240771
0.000010 0.000010 0.585859 0.160346 0.253775
0.000010 0.000010 0.072704 0.731475 0.195801
0.000010 0.000010 0.088429 0.730767 0.180785
0.000010 0.000010 0.092972 0.734370 0.172638
0.000010 0.000010 0.049933 0.758766 0.191281
0.000010 0.000010 0.086104 0.721564 0.192312
0.000010 0.000010 0.089546 0.734483 0.175951
0.000010 0.001102 0.088471 0.748031 0.162386
0.000010 0.000010 0.109339 0.725292 0.165349
0.000010 0.000010 0.062558 0.721938 0.215484
0.000010 0.000010 0.065859 0.754638 0.179483
0.000010 0.163221 0.000010 0.836749 0.000010
0.016360 0.171457 0.000010 0.812163 0.000010
0.000995 0.159835 0.000010 0.839150 0.000010
0.012634 0.175999 0.000010 0.811347 0.000010
0.000010 0.173939 0.000010 0.826031 0.000010
0.000010 0.184829 0.000010 0.815141 0.000010
0.014654 0.161992 0.000010 0.823333 0.000010
0.005395 0.180676 0.000010 0.813909 0.000010
0.000010 0.171888 0.000010 0.828082 0.000010
0.001942 0.178397 0.000010 0.819641 0.000010
0.476509 0.273586 0.000010 0.249885 0.000010
0.480818 0.255364 0.000010 0.263798 0.000010
0.512831 0.255085 0.000010 0.232064 0.000010
0.476853 0.257176 0.000010 0.265951 0.000010
0.525463 0.223281 0.000010 0.251236 0.000010
0.504013 0.252178 0.000010 0.243788 0.000010
0.480605 0.250669 0.000010 0.268706 0.000010
0.523227 0.244549 0.000010 0.232204 0.000010
0.513035 0.226412 0.000010 0.260533 0.000010
0.520108 0.261458 0.000010 0.218415 0.000010
0.749650 0.250320 0.000010 0.000010 0.000010
0.747078 0.252892 0.000010 0.000010 0.000010
0.727666 0.272304 0.000010 0.000010 0.000010
0.730687 0.269283 0.000010 0.000010 0.000010
0.751267 0.248703 0.000010 0.000010 0.000010
0.730950 0.269020 0.000010 0.000010 0.000010
0.740882 0.259088 0.000010 0.000010 0.000010
0.769321 0.230649 0.000010 0.000010 0.000010
0.746444 0.253526 0.000010 0.000010 0.000010
0.734511 0.265459 0.000010 0.000010 0.000010
0.000010 0.000010 0.999960 0.000010 0.000010
0.000010 0.000010 0.999960 0.000010 0.000010
0.000010 0.000010 0.999960 0.000010 0.000010
0.000010 0.000010 0.999960 0.000010 0.000010
0.000010 0.000010 0.999960 0.000010 0.000010
0.000010 0.000010 0.999960 0.000010 0.000010
0.000010 0.000010 0.999960 0.000010 0.000010
0.000010 0.000010 0.999960 0.000010 0.000010
0.000010 0.000010 0.999960 0.000010 0.000010
0.000010 0.000010 0.999960 0.000010 0.000010
0.000010 0.000010 0.837440 0.162530 0.000010
0.000010 0.000010 0.829842 0.170128 0.000010
0.000010 0.000010 0.813073 0.186897 0.000010
0.000010 0.000010 0.825694 0.174276 0.000010
0.000010 0.000010 0.827682 0.172288 0.000010
0.000015 0.000010 0.815967 0.183998 0.000010
0.000010 0.000010 0.821390 0.178580 0.000010
0.000010 0.000010 0.816290 0.183680 0.000010
0.000010 0.000010 0.848807 0.151163 0.000010
0.000010 0.000010 0.810582 0.189388 0.000010
0.000010 0.000010 0.170520 0.829450 0.000010
0.000010 0.000010 0.183675 0.816295 0.000010
0.000010 0.000010 0.180786 0.819184 0.000010
0.000010 0.000010 0.167239 0.832731 0.000010
0.000010 0.000010 0.176158 0.823812 0.000010
0.000010 0.000010 0.187534 0.812436 0.000010
0.000010 0.000010 0.189075 0.810895 0.000010
0.000010 0.000010 0.173497 0.826473 0.000010
0.000010 0.000010 0.188189 0.811781 0.000010
0.000010 0.000010 0.175465 0.824505 0.000010
0.137981 0.000010 0.000010 0.861989 0.000010
0.193830 0.000010 0.000010 0.806140 0.000010
0.171393 0.000010 0.000010 0.828577 0.000010
0.167760 0.000010 0.000010 0.832210 0.000010
0.174752 0.000010 0.000010 0.825218 0.000010
0.170227 0.000010 0.000010 0.829743 0.000010
0.158161 0.000010 0.000010 0.841809 0.000010
0.171816 0.000010 0.000010 0.828154 0.000010
0.167091 0.000010 0.000010 0.832879 0.000010
0.184179 0.000010 0.000010 0.815791 0.000010
0.774399 0.000010 0.000010 0.225571 0.000010
0.765854 0.000010 0.000010 0.234116 0.000010
0.777319 0.000010 0.000010 0.222651 0.000010
0.768753 0.000010 0.000010 0.231217 0.000010
0.792127 0.000010 0.000010 0.207843 0.000010
0.764356 0.000010 0.000010 0.235614 0.000010
0.782320 0.000010 0.000010 0.217650 0.000010
0.762873 0.000010 0.000010 0.237097 0.000010
0.740801 0.000010 0.000010 0.259169 0.000010
0.758000 0.000010 0.000010 0.241970 0.000010
0.999960 0.000010 0.000010 0.000010 0.000010
0.999960 0.000010 0.000010 0.000010 0.000010
0.999960 0.000010 0.000010 0.000010 0.000010
0.999960 0.000010 0.000010 0.000010 0.000010
0.999960 0.000010 0.000010 0.000010 0.000010
0.999960 0.000010 0.000010 0.000010 0.000010
0.999960 0.000010 0.000010 0.000010 0.000010
0.999960 0.000010 0.000010 0.000010 0.000010
0.999960 0.000010 0.000010 0.000010 0.000010
0.999960 0.000010 0.000010 0.000010 0.000010
0.000010 0.000010 0.999960 0.000010 0.000010
0.000010 0.000010 0.999960 0.000010 0.000010
0.000010 0.000010 0.999960 0.000010 0.000010
0.000010 0.000010 0.999960 0.000010 0.000010
0.000010 0.000010 0.999960 0.000010 0.000010
0.000010 0.000010 0.999960 0.000010 0.000010
0.000010 0.000010 0.999960 0.000010 0.000010
0.000010 0.000010 0.999960 0.000010 0.000010
0.000010 0.000010 0.999960 0.000010 0.000010
0.000010 0.000010 0.999960 0.000010 0.000010
0.000010 0.000010 0.882250 0.117720 0.000010
0.000010 0.000010 0.896186 0.103784 0.000010
0.000010 0.000010 0.855140 0.144830 0.000010
0.000010 0.000010 0.878997 0.120973 0.000010
0.000010 0.000010 0.898707 0.101263 0.000010
0.000010 0.000010 0.887103 0.112867 0.000010
0.000010 0.000010 0.863339 0.136631 0.000010
0.000011 0.000010 0.858141 0.141829 0.000010
0.000010 0.000010 0.862203 0.137767 0.000010
0.000010 0.000010 0.888749 0.111221 0.000010
0.006005 0.000010 0.279222 0.714753 0.000010
0.000010 0.000010 0.319723 0.680247 0.000010
0.007516 0.000010 0.286329 0.706135 0.000010
0.000010 0.000010 0.287321 0.712649 0.000010
0.013136 0.000010 0.282329 0.704514 0.000010
0.000010 0.000010 0.304700 0.695270 0.000010
0.000010 0.000010 0.293721 0.706249 0.000010
0.000010 0.000010 0.325292 0.674678 0.000010
0.000010 0.000010 0.282769 0.717201 0.000010
0.000010 0.000010 0.294232 0.705738 0.000010
0.329742 0.000010 0.000010 0.670228 0.000010
0.314969 0.000010 0.000010 0.685001 0.000010
0.320534 0.000010 0.000010 0.679436 0.000010
0.316614 0.000010 0.004271 0.679096 0.000010
0.333010 0.000010 0.006944 0.660027 0.000010
0.277489 0.000010 0.000010 0.722481 0.000010
0.314502 0.000010 0.009004 0.676474 0.000010
0.296930 0.000010 0.000010 0.703040 0.000010
0.330120 0.000010 0.009404 0.660455 0.000010
0.290756 0.000010 0.000010 0.709214 0.000010
0.856879 0.000010 0.000010 0.143091 0.000010
0.853084 0.000010 0.000010 0.146886 0.000010
0.877585 0.000010 0.000010 0.122385 0.000010
0.863508 0.000010 0.000010 0.136462 0.000010
0.876708 0.000010 0.000010 0.123262 0.000010
0.852597 0.000010 0.000010 0.147373 0.000010
0.863563 0.000010 0.000010 0.136407 0.000010
0.858373 0.000010 0.000010 0.141597 0.000010
0.834003 0.000010 0.000010 0.165967 0.000010
0.860852 0.000010 0.000010 0.139118 0.000010
0.999960 0.000010 0.000010 0.000010 0.000010
0.999960 0.000010 0.000010 0.000010 0.000010
0.999960 0.000010 0.000010 0.000010 0.000010
0.999960 0.000010 0.000010 0.000010 0.000010
0.999960 0.000010 0.000010 0.000010 0.000010
0.999960 0.000010 0.000010 0.000010 0.000010
0.999960 0.000010 0.000010 0.000010 0.000010
0.999960 0.000010 0.000010 0.000010 0.000010
0.999960 0.000010 0.000010 0.000010 0.000010
0.999960 0.000010 0.000010 0.000010 0.000010
