0.000010 0.000010 0.000010 0.897477 0.099178 0.000010 0.003305
0.000010 0.000010 0.000010 0.900240 0.099710 0.000010 0.000010
0.000232 0.000010 0.000010 0.897617 0.102111 0.000010 0.000010
0.003057 0.000010 0.000010 0.893727 0.103176 0.000010 0.000010
0.009312 0.000010 0.000010 0.899644 0.082738 0.000010 0.008276
0.016039 0.000010 0.000010 0.893931 0.089990 0.000010 0.000010
0.000010 0.000010 0.000010 0.899032 0.100918 0.000010 0.000010
0.000011 0.000011 0.000010 0.899405 0.100544 0.000010 0.000010
0.000010 0.000010 0.000010 0.887539 0.102657 0.000010 0.009764
0.000010 0.000010 0.000010 0.896928 0.103022 0.000010 0.000010
0.000010 0.000010 0.000010 0.999940 0.000010 0.000010 0.000010
0.000010 0.000010 0.000010 0.999940 0.000010 0.000010 0.000010
0.000010 0.000010 0.000010 0.999940 0.000010 0.000010 0.000010
0.000010 0.000011 0.000010 0.999939 0.000010 0.000010 0.000010
0.000010 0.000011 0.000010 0.999939 0.000010 0.000010 0.000010
0.000010 0.000010 0.000010 0.999940 0.000010 0.000010 0.000010
0.000010 0.000010 0.000010 0.999940 0.000010 0.000010 0.000010
0.000010 0.000010 0.000010 0.999940 0.000010 0.000010 0.000010
0.000010 0.000010 0.000010 0.999940 0.000010 0.000010 0.000010
0.000010 0.000010 0.000010 0.999940 0.000010 0.000010 0.000010
0.000010 0.037153 0.000010 0.249955 0.685579 0.027283 0.000010
0.000010 0.051004 0.000010 0.274203 0.671546 0.003217 0.000010
0.000010 0.000011 0.000010 0.235127 0.682835 0.081266 0.000741
0.000010 0.000626 0.000010 0.244848 0.670172 0.084324 0.000010
0.000010 0.030331 0.000010 0.247841 0.677363 0.044435 0.000010
0.000010 0.025489 0.000010 0.266681 0.679810 0.027990 0.000010
0.000010 0.006692 0.000010 0.258509 0.670689 0.064081 0.000010
0.000010 0.001763 0.000010 0.273488 0.674317 0.050402 0.000010
0.000010 0.004595 0.014397 0.239464 0.680318 0.061205 0.000010
0.000010 0.014736 0.000010 0.233364 0.677058 0.074812 0.000010
0.000010 0.000010 0.000010 0.000010 0.723335 0.000010 0.276615
0.000010 0.000010 0.000010 0.000010 0.748580 0.000010 0.251370
0.000010 0.000010 0.000010 0.000015 0.763733 0.000010 0.236212
0.000010 0.000010 0.000010 0.000010 0.763430 0.000010 0.236520
0.000010 0.000010 0.000010 0.000010 0.733734 0.000010 0.266216
0.000012 0.000010 0.000010 0.000010 0.753075 0.000010 0.246873
0.000010 0.000010 0.000010 0.000010 0.736081 0.000010 0.263869
0.000010 0.000010 0.000010 0.000010 0.715795 0.000010 0.284155
0.000010 0.000010 0.000010 0.000010 0.761687 0.000010 0.238263
0.000010 0.000010 0.000010 0.000010 0.762891 0.000010 0.237059
0.000010 0.000010 0.000010 0.000010 0.000010 0.000010 0.999940
0.000010 0.000010 0.000010 0.000010 0.032727 0.000010 0.967223
0.000010 0.000010 0.000010 0.000010 0.000010 0.000010 0.999940
0.000010 0.000010 0.000010 0.000010 0.022532 0.000010 0.977418
0.000010 0.000010 0.000010 0.000010 0.000010 0.000010 0.999940
0.000010 0.000010 0.000010 0.000010 0.000010 0.000010 0.999940
0.000010 0.000010 0.000010 0.000010 0.035534 0.000010 0.964416
0.000010 0.000010 0.000010 0.000010 0.031130 0.000010 0.968820
0.000010 0.000010 0.000010 0.000010 0.000010 0.000010 0.999940
0.000010 0.000010 0.000010 0.000010 0.010044 0.000010 0.989906
0.000010 0.000010 0.000010 0.000010 0.000010 0.000010 0.999940
0.000010 0.000010 0.000010 0.000010 0.000010 0.000010 0.999940
0.000011 0.000010 0.000010 0.000010 0.000010 0.000010 0.999939
0.000010 0.000010 0.000010 0.000010 0.000010 0.000010 0.999940
0.000010 0.000010 0.000010 0.000010 0.000010 0.000010 0.999940
0.000010 0.000010 0.000010 0.000010 0.000010 0.000010 0.999940
0.000010 0.000010 0.000010 0.000010 0.000010 0.000010 0.999940
0.000010 0.000010 0.000010 0.000010 0.000010 0.000010 0.999940
0.000010 0.000010 0.000010 0.000010 0.000010 0.000010 0.999940
0.000010 0.000010 0.000010 0.000010 0.000010 0.000010 0.999940
0.000010 0.000010 0.000010 0.999940 0.000010 0.000010 0.000010
0.000010 0.000010 0.000010 0.999940 0.000010 0.000010 0.000010
0.000010 0.000010 0.000010 0.999940 0.000010 0.000010 0.000010
0.000010 0.000010 0.000010 0.999940 0.000010 0.000010 0.000010
0.000010 0.000010 0.000010 0.999940 0.000010 0.000010 0.000010
0.000010 0.000010 0.000010 0.999940 0.000010 0.000010 0.000010
0.000010 0.000010 0.000010 0.999940 0.000010 0.000010 0.000010
0.000010 0.000010 0.000010 0.999940 0.000010 0.000010 0.000010
0.000010 0.000010 0.000010 0.999940 0.000010 0.000010 0.000010
0.000010 0.000010 0.000010 0.999940 0.000010 0.000010 0.000010
0.000010 0.000010 0.010760 0.180752 0.738845 0.069613 0.000010
0.000010 0.000010 0.000010 0.182534 0.732339 0.085086 0.000010
0.000011 0.000010 0.000010 0.210851 0.722186 0.066922 0.000010
0.000010 0.000010 0.000010 0.209636 0.742731 0.047593 0.000010
0.000010 0.000010 0.000010 0.196289 0.723685 0.079986 0.000010
0.000010 0.000010 0.006739 0.191506 0.727267 0.074459 0.000010
0.000010 0.000015 0.000010 0.215527 0.727990 0.056438 0.000010
0.000010 0.000010 0.000010 0.202136 0.733883 0.063941 0.000010
0.000010 0.000010 0.000010 0.216567 0.732925 0.050468 0.000010
0.007835 0.000010 0.000010 0.213903 0.719670 0.058562 0.000010
0.000011 0.000010 0.000010 0.052457 0.863568 0.083934 0.000010
0.000010 0.000011 0.000010 0.053102 0.867086 0.079771 0.000010
0.000010 0.000010 0.000010 0.061188 0.865047 0.073725 0.000010
0.000019 0.000010 0.000010 0.093802 0.861147 0.045002 0.000010
0.000010 0.000010 0.000010 0.054077 0.872300 0.073582 0.000010
0.000010 0.000011 0.000010 0.068856 0.863696 0.067407 0.000010
0.000010 0.000010 0.000010 0.032555 0.871586 0.095819 0.000010
0.000011 0.000010 0.000010 0.082364 0.866257 0.051338 0.000010
0.000010 0.000011 0.000010 0.065531 0.865612 0.068816 0.000010
0.000010 0.000010 0.000010 0.074134 0.870658 0.055168 0.000010
0.038752 0.000010 0.000010 0.000010 0.694791 0.000010 0.266417
0.020641 0.000010 0.000010 0.000013 0.721580 0.000010 0.257735
0.024884 0.000010 0.000010 0.000010 0.720879 0.000010 0.254197
0.054215 0.000010 0.000010 0.000010 0.708312 0.000010 0.237434
0.034747 0.000010 0.000010 0.000010 0.686649 0.000010 0.278565
0.079185 0.000010 0.000010 0.000010 0.673390 0.000010 0.247385
0.057152 0.000010 0.000010 0.000010 0.645778 0.000010 0.297030
0.063417 0.000010 0.000010 0.000010 0.668389 0.000010 0.268154
0.072614 0.000010 0.000010 0.000010 0.667892 0.000010 0.259453
0.019439 0.000010 0.000010 0.000010 0.712288 0.000010 0.268233
0.099480 0.000010 0.000010 0.000010 0.013685 0.000010 0.886795
0.075479 0.000010 0.000010 0.000010 0.017043 0.000010 0.907438
0.071732 0.000010 0.000010 0.000010 0.045105 0.000010 0.883123
0.082283 0.000010 0.000010 0.000010 0.000010 0.000010 0.917667
0.057230 0.000010 0.000010 0.000010 0.000010 0.000010 0.942720
0.118315 0.000010 0.000010 0.000010 0.081110 0.000010 0.800535
0.102994 0.000010 0.000010 0.000010 0.019977 0.000010 0.876989
0.051701 0.000010 0.000010 0.000010 0.014734 0.000010 0.933525
0.029987 0.000010 0.000010 0.000010 0.073604 0.000010 0.896369
0.044276 0.000010 0.000010 0.000010 0.046824 0.000010 0.908860
0.155120 0.000010 0.000010 0.000010 0.000010 0.000010 0.844830
0.097484 0.000012 0.000010 0.000010 0.000010 0.000010 0.902464
0.144471 0.000010 0.000010 0.000010 0.000010 0.000010 0.855479
0.126690 0.000010 0.000010 0.000010 0.000010 0.000010 0.873260
0.141318 0.000010 0.000015 0.000010 0.000010 0.000010 0.858627
0.170452 0.000010 0.000010 0.000010 0.000010 0.000010 0.829498
0.165994 0.000010 0.000010 0.000010 0.000010 0.000010 0.833956
0.156963 0.000010 0.000010 0.000010 0.000010 0.000010 0.842987
0.135254 0.000010 0.000010 0.000010 0.000010 0.000010 0.864696
0.181913 0.000010 0.000010 0.000010 0.000010 0.000010 0.818037
0.000010 0.000010 0.152171 0.707049 0.000010 0.140740 0.000010
0.000010 0.000010 0.161089 0.740637 0.000010 0.098234 0.000010
0.000010 0.000010 0.131900 0.709826 0.000010 0.158234 0.000010
0.000010 0.000010 0.136562 0.738896 0.000010 0.124502 0.000010
0.000010 0.000010 0.173218 0.730232 0.000010 0.096510 0.000010
0.000010 0.000010 0.124160 0.706266 0.000010 0.169534 0.000010
0.000010 0.000010 0.188699 0.712256 0.000010 0.099005 0.000010
0.000010 0.000010 0.158542 0.714939 0.000010 0.126478 0.000010
0.000010 0.000010 0.136238 0.693854 0.000010 0.169869 0.000010
0.000010 0.000010 0.111153 0.732860 0.000010 0.155947 0.000010
0.000010 0.000010 0.000010 0.279560 0.000010 0.720390 0.000010
0.000010 0.000010 0.019909 0.281845 0.000010 0.698206 0.000010
0.000010 0.000010 0.000010 0.317207 0.000010 0.682743 0.000010
0.000010 0.000010 0.000010 0.337806 0.000010 0.662144 0.000010
0.000010 0.000010 0.000010 0.379028 0.000010 0.620922 0.000010
0.000010 0.000010 0.009042 0.329628 0.000010 0.661289 0.000010
0.000010 0.000010 0.000010 0.308565 0.000010 0.691385 0.000010
0.000010 0.000010 0.000010 0.306416 0.000010 0.693534 0.000010
0.000010 0.000010 0.000010 0.327024 0.000010 0.672926 0.000010
0.000010 0.000011 0.003564 0.336889 0.000010 0.659507 0.000010
0.000010 0.000010 0.000010 0.005837 0.000010 0.994113 0.000010
0.000010 0.000010 0.000010 0.000010 0.000010 0.999940 0.000010
0.000010 0.000010 0.000010 0.000010 0.000010 0.999940 0.000010
0.000010 0.000010 0.000010 0.071450 0.000010 0.928500 0.000010
0.000010 0.000010 0.000010 0.053608 0.000010 0.946342 0.000010
0.000010 0.000010 0.000010 0.000010 0.000010 0.999940 0.000010
0.000010 0.000010 0.000010 0.006193 0.000010 0.993757 0.000010
0.000010 0.000010 0.000010 0.018234 0.000010 0.981716 0.000010
0.000010 0.000010 0.000010 0.007233 0.000010 0.992717 0.000010
0.000010 0.000012 0.000010 0.035607 0.000010 0.964341 0.000010
0.423187 0.000010 0.000010 0.000010 0.575586 0.000010 0.001187
0.409125 0.000010 0.000010 0.000010 0.590825 0.000010 0.000010
0.414307 0.000010 0.000010 0.000010 0.585643 0.000010 0.000010
0.362908 0.000010 0.000010 0.000010 0.611693 0.000010 0.025359
0.427171 0.000010 0.000010 0.000010 0.554372 0.000010 0.018417
0.409388 0.000010 0.000010 0.000010 0.590562 0.000010 0.000010
0.416460 0.000010 0.000010 0.000010 0.583490 0.000010 0.000010
0.417070 0.000010 0.000010 0.000010 0.582880 0.000010 0.000010
0.403874 0.000010 0.000010 0.000010 0.596076 0.000010 0.000010
0.415301 0.000010 0.000010 0.000010 0.584649 0.000010 0.000010
0.630046 0.000010 0.000010 0.000010 0.043771 0.000010 0.326143
0.686631 0.000010 0.000010 0.000010 0.031499 0.000010 0.281830
0.700949 0.000010 0.000010 0.000010 0.009289 0.000010 0.289722
0.702290 0.000010 0.000010 0.000010 0.003748 0.000010 0.293921
0.688003 0.000010 0.000010 0.000010 0.000010 0.000010 0.311947
0.666154 0.000010 0.000010 0.000010 0.044901 0.000010 0.288906
0.667797 0.000010 0.000010 0.000010 0.011776 0.000010 0.320387
0.686522 0.000010 0.000010 0.000010 0.018227 0.000010 0.295210
0.661984 0.000010 0.000010 0.000010 0.054524 0.000010 0.283452
0.729349 0.000010 0.000013 0.000010 0.032171 0.000010 0.238437
0.668067 0.000010 0.000010 0.000014 0.000010 0.000010 0.331878
0.698195 0.000010 0.000010 0.000010 0.000010 0.000010 0.301755
0.652852 0.000010 0.000010 0.000013 0.000010 0.000010 0.347096
0.670063 0.000010 0.000010 0.000010 0.000010 0.000010 0.329887
0.676666 0.000010 0.000010 0.000010 0.000010 0.000010 0.323284
0.679911 0.000010 0.000010 0.000010 0.000010 0.000010 0.320039
0.635717 0.000010 0.000010 0.000010 0.000010 0.000010 0.364233
0.653040 0.000010 0.000010 0.000010 0.000010 0.000010 0.346910
0.664116 0.000010 0.000010 0.000010 0.000010 0.000010 0.335834
0.687086 0.000010 0.000010 0.000010 0.000010 0.000010 0.312864
0.000010 0.000010 0.599742 0.231829 0.000010 0.168388 0.000010
0.000010 0.000010 0.643435 0.202183 0.000010 0.154342 0.000010
0.000010 0.000011 0.696275 0.210846 0.000010 0.092838 0.000010
0.000010 0.000011 0.654842 0.213194 0.000010 0.131923 0.000010
0.000010 0.000010 0.682910 0.188215 0.000010 0.128834 0.000010
0.000010 0.000010 0.686737 0.236767 0.000010 0.076456 0.000010
0.000010 0.000010 0.701346 0.196055 0.000010 0.102559 0.000010
0.000010 0.000010 0.681795 0.219377 0.000010 0.098788 0.000010
0.000010 0.000010 0.640534 0.194542 0.000014 0.164880 0.000010
0.000010 0.000011 0.645380 0.233861 0.000010 0.120718 0.000010
0.052770 0.000010 0.324921 0.018368 0.056155 0.547766 0.000010
0.057476 0.000010 0.359311 0.036256 0.050627 0.496310 0.000010
0.028971 0.000010 0.391186 0.011608 0.076023 0.492191 0.000010
0.022578 0.000010 0.331749 0.000010 0.091471 0.554172 0.000010
0.030954 0.000010 0.351086 0.011444 0.076579 0.529917 0.000010
0.038518 0.000010 0.349323 0.000010 0.072575 0.539554 0.000010
0.046857 0.000010 0.319145 0.000010 0.057650 0.576318 0.000010
0.045367 0.000010 0.401351 0.000010 0.063078 0.489754 0.000431
0.041695 0.000010 0.390174 0.003221 0.060122 0.504767 0.000010
0.048318 0.000010 0.340882 0.012814 0.054345 0.535170 0.008461
0.000010 0.020907 0.000200 0.000010 0.000010 0.978852 0.000010
0.000010 0.009200 0.032067 0.000010 0.000010 0.958693 0.000010
0.000010 0.021298 0.063195 0.000010 0.000010 0.915467 0.000010
0.000010 0.050647 0.001197 0.000010 0.000010 0.948115 0.000010
0.000010 0.015595 0.000010 0.000010 0.000010 0.984355 0.000010
0.000010 0.025119 0.000010 0.000010 0.000010 0.974831 0.000010
0.000010 0.025821 0.066554 0.000010 0.000010 0.907585 0.000010
0.000010 0.000010 0.028579 0.000010 0.000010 0.971371 0.000010
0.000010 0.044584 0.000010 0.000010 0.000010 0.955366 0.000010
0.000010 0.005035 0.014479 0.000010 0.000010 0.980446 0.000010
0.000010 0.246893 0.000010 0.000010 0.000010 0.753057 0.000010
0.000013 0.261720 0.000010 0.000010 0.000010 0.738227 0.000010
0.000010 0.270981 0.000010 0.000011 0.000010 0.728968 0.000010
0.000010 0.264301 0.000010 0.000010 0.000010 0.735649 0.000010
0.000010 0.279054 0.000010 0.000010 0.000010 0.720896 0.000010
0.000010 0.199940 0.000010 0.000010 0.000010 0.800010 0.000010
0.000010 0.235499 0.000010 0.000010 0.000010 0.764451 0.000010
0.000010 0.240732 0.000010 0.000010 0.000010 0.759218 0.000010
0.000010 0.229609 0.000010 0.000010 0.000010 0.770341 0.000010
0.000010 0.257908 0.000010 0.000010 0.000010 0.742042 0.000010
0.999940 0.000010 0.000010 0.000010 0.000010 0.000010 0.000010
0.999940 0.000010 0.000010 0.000010 0.000010 0.000010 0.000010
0.999940 0.000010 0.000010 0.000010 0.000010 0.000010 0.000010
0.999940 0.000010 0.000010 0.000010 0.000010 0.000010 0.000010
0.999940 0.000010 0.000010 0.000010 0.000010 0.000010 0.000010
0.999939 0.000010 0.000010 0.000010 0.000011 0.000010 0.000010
0.999940 0.000010 0.000010 0.000010 0.000010 0.000010 0.000010
0.999940 0.000010 0.000010 0.000010 0.000010 0.000010 0.000010
0.999940 0.000010 0.000010 0.000010 0.000010 0.000010 0.000010
0.999940 0.000010 0.000010 0.000010 0.000010 0.000010 0.000010
0.999940 0.000010 0.000010 0.000010 0.000010 0.000010 0.000010
0.999940 0.000010 0.000010 0.000010 0.000010 0.000010 0.000010
0.999940 0.000010 0.000010 0.000010 0.000010 0.000010 0.000010
0.999940 0.000010 0.000010 0.000010 0.000010 0.000010 0.000010
0.999940 0.000010 0.000010 0.000010 0.000010 0.000010 0.000010
0.999940 0.000010 0.000010 0.000010 0.000010 0.000010 0.000010
0.999940 0.000010 0.000010 0.000010 0.000010 0.000010 0.000010
0.999940 0.000010 0.000010 0.000010 0.000010 0.000010 0.000010
0.999940 0.000010 0.000010 0.000010 0.000010 0.000010 0.000010
0.999940 0.000010 0.000010 0.000010 0.000010 0.000010 0.000010
0.000010 0.000010 0.999940 0.000010 0.000010 0.000010 0.000010
0.000010 0.000010 0.999940 0.000010 0.000010 0.000010 0.000010
0.000010 0.000010 0.999940 0.000010 0.000010 0.000010 0.000010
0.000010 0.000010 0.999940 0.000010 0.000010 0.000010 0.000010
0.000010 0.000010 0.999940 0.000010 0.000010 0.000010 0.000010
0.000010 0.000010 0.999940 0.000010 0.000010 0.000010 0.000010
0.000010 0.000010 0.999940 0.000010 0.000010 0.000010 0.000010
0.000010 0.000010 0.998926 0.000010 0.000010 0.001024 0.000010
0.000010 0.000010 0.999940 0.000010 0.000010 0.000010 0.000010
0.000010 0.000010 0.999940 0.000010 0.000010 0.000010 0.000010
0.000010 0.000010 0.793282 0.000011 0.000010 0.206667 0.000010
0.000010 0.000010 0.804957 0.000010 0.000010 0.194993 0.000010
0.000010 0.000010 0.834867 0.000012 0.000010 0.165081 0.000010
0.000010 0.000011 0.840559 0.000010 0.000010 0.159390 0.000010
0.000010 0.000010 0.829792 0.000010 0.000010 0.170158 0.000010
0.000010 0.000010 0.845094 0.000012 0.000010 0.154854 0.000010
0.000010 0.000010 0.769446 0.000010 0.000010 0.230504 0.000010
0.000010 0.000010 0.804861 0.000011 0.000010 0.195087 0.000010
0.000010 0.000011 0.801497 0.000011 0.000010 0.198451 0.000010
0.000010 0.003970 0.788012 0.000010 0.000010 0.207978 0.000010
0.018804 0.222464 0.318271 0.000010 0.000010 0.430885 0.009556
0.016339 0.283214 0.296558 0.000010 0.014290 0.389579 0.000010
0.006298 0.303177 0.289036 0.000010 0.020825 0.380645 0.000010
0.001484 0.253592 0.306209 0.000010 0.024720 0.413974 0.000010
0.010791 0.285167 0.247768 0.000010 0.003495 0.441028 0.011741
0.000010 0.202710 0.326626 0.000010 0.019940 0.444194 0.006510
0.024539 0.284975 0.299848 0.000010 0.004322 0.386296 0.000010
0.030773 0.244025 0.364120 0.000010 0.000010 0.361051 0.000010
0.015387 0.229194 0.353402 0.000010 0.011580 0.390416 0.000010
0.027058 0.254483 0.316014 0.000010 0.003669 0.398755 0.000010
0.000010 0.671956 0.000010 0.000010 0.000010 0.327994 0.000010
0.000010 0.661541 0.000010 0.000010 0.000010 0.338409 0.000010
0.000010 0.661722 0.000010 0.000010 0.000010 0.338228 0.000010
0.000010 0.678414 0.000010 0.000010 0.000010 0.321536 0.000010
0.000018 0.673796 0.000010 0.000010 0.000010 0.326146 0.000010
0.000010 0.688168 0.000010 0.000010 0.000010 0.311782 0.000010
0.000010 0.638105 0.000010 0.000010 0.000010 0.361845 0.000010
0.000010 0.635479 0.000010 0.000010 0.000010 0.364471 0.000010
0.000010 0.630751 0.017994 0.000010 0.000017 0.351208 0.000010
0.000010 0.682349 0.000010 0.000010 0.000010 0.317601 0.000010
0.000010 0.880487 0.000010 0.000010 0.000010 0.119463 0.000010
0.000010 0.865626 0.000010 0.000010 0.000010 0.134324 0.000010
0.000010 0.878503 0.000010 0.000010 0.000017 0.121440 0.000010
0.000010 0.896188 0.000010 0.000010 0.000010 0.103762 0.000010
0.000010 0.916162 0.000010 0.000010 0.000010 0.083788 0.000010
0.000010 0.871081 0.000010 0.000010 0.000010 0.128869 0.000010
0.000010 0.877901 0.000010 0.000010 0.000010 0.122049 0.000010
0.000010 0.854247 0.000010 0.000011 0.000010 0.145702 0.000010
0.000010 0.885282 0.000010 0.000010 0.000010 0.114668 0.000010
0.000010 0.926766 0.000010 0.000010 0.000010 0.073184 0.000010
0.999940 0.000010 0.000010 0.000010 0.000010 0.000010 0.000010
0.999940 0.000010 0.000010 0.000010 0.000010 0.000010 0.000010
0.999940 0.000010 0.000010 0.000010 0.000010 0.000010 0.000010
0.999940 0.000010 0.000010 0.000010 0.000010 0.000010 0.000010
0.999936 0.000014 0.000010 0.000010 0.000010 0.000010 0.000010
0.999940 0.000010 0.000010 0.000010 0.000010 0.000010 0.000010
0.999940 0.000010 0.000010 0.000010 0.000010 0.000010 0.000010
0.999940 0.000010 0.000010 0.000010 0.000010 0.000010 0.000010
0.999940 0.000010 0.000010 0.000010 0.000010 0.000010 0.000010
0.999940 0.000010 0.000010 0.000010 0.000010 0.000010 0.000010
0.000010 0.000010 0.999939 0.000010 0.000010 0.000010 0.000010
0.000010 0.000010 0.999938 0.000012 0.000010 0.000010 0.000010
0.000010 0.000010 0.999940 0.000010 0.000010 0.000010 0.000010
0.000010 0.000010 0.999940 0.000010 0.000010 0.000010 0.000010
0.000010 0.000010 0.999940 0.000010 0.000010 0.000010 0.000010
0.000010 0.000010 0.999940 0.000010 0.000010 0.000010 0.000010
0.000010 0.000010 0.999940 0.000010 0.000010 0.000010 0.000010
0.000010 0.000010 0.999940 0.000010 0.000010 0.000010 0.000010
0.000010 0.000010 0.999940 0.000010 0.000010 0.000010 0.000010
0.000010 0.000010 0.999940 0.000010 0.000010 0.000010 0.000010
0.000010 0.044492 0.955456 0.000010 0.000010 0.000012 0.000010
0.000010 0.034938 0.965012 0.000010 0.000010 0.000010 0.000010
0.000010 0.031699 0.968251 0.000010 0.000010 0.000010 0.000010
0.000010 0.000010 0.999939 0.000010 0.000010 0.000011 0.000010
0.000010 0.032795 0.967154 0.000010 0.000010 0.000011 0.000010
0.000010 0.022398 0.977549 0.000010 0.000010 0.000012 0.000010
0.000010 0.047770 0.952180 0.000010 0.000010 0.000010 0.000010
0.000010 0.020820 0.979130 0.000010 0.000010 0.000010 0.000010
0.000010 0.053821 0.946126 0.000010 0.000010 0.000013 0.000010
0.000010 0.025506 0.974444 0.000010 0.000010 0.000010 0.000010
0.000010 0.418934 0.581016 0.000010 0.000010 0.000010 0.000010
0.000010 0.462641 0.537309 0.000010 0.000010 0.000010 0.000010
0.000010 0.407933 0.592017 0.000010 0.000010 0.000010 0.000010
0.000010 0.409547 0.590403 0.000010 0.000010 0.000010 0.000010
0.000010 0.419606 0.580344 0.000010 0.000010 0.000010 0.000010
0.000010 0.435573 0.564377 0.000010 0.000010 0.000010 0.000010
0.000010 0.418182 0.581768 0.000010 0.000010 0.000010 0.000010
0.000010 0.422833 0.577117 0.000010 0.000010 0.000010 0.000010
0.000010 0.425067 0.574883 0.000010 0.000010 0.000010 0.000010
0.000010 0.410527 0.589423 0.000010 0.000010 0.000010 0.000010
0.000010 0.839498 0.160452 0.000010 0.000010 0.000010 0.000010
0.000010 0.871250 0.128700 0.000010 0.000010 0.000010 0.000010
0.000010 0.843653 0.156297 0.000010 0.000010 0.000010 0.000010
0.000010 0.884102 0.115848 0.000010 0.000010 0.000010 0.000010
0.000010 0.842245 0.157705 0.000010 0.000010 0.000010 0.000010
0.000010 0.884019 0.115931 0.000010 0.000010 0.000010 0.000010
0.000010 0.859418 0.140532 0.000010 0.000010 0.000010 0.000010
0.000010 0.864476 0.135474 0.000010 0.000010 0.000010 0.000010
0.000010 0.867203 0.132747 0.000010 0.000010 0.000010 0.000010
0.000010 0.850172 0.147756 0.000010 0.000010 0.002032 0.000010
0.000010 0.999940 0.000010 0.000010 0.000010 0.000010 0.000010
0.000010 0.999940 0.000010 0.000010 0.000010 0.000010 0.000010
0.000010 0.999939 0.000010 0.000011 0.000010 0.000010 0.000010
0.000010 0.999939 0.000011 0.000010 0.000010 0.000010 0.000010
0.000010 0.999940 0.000010 0.000010 0.000010 0.000010 0.000010
0.000010 0.999940 0.000010 0.000010 0.000010 0.000010 0.000010
0.000010 0.999940 0.000010 0.000010 0.000010 0.000010 0.000010
0.000010 0.999939 0.000011 0.000010 0.000010 0.000010 0.000010
0.000010 0.999940 0.000010 0.000010 0.000010 0.000010 0.000010
0.000010 0.999940 0.000010 0.000010 0.000010 0.000010 0.000010
0.000010 0.999940 0.000010 0.000010 0.000010 0.000010 0.000010
0.000010 0.999940 0.000010 0.000010 0.000010 0.000010 0.000010
0.000010 0.999940 0.000010 0.000010 0.000010 0.000010 0.000010
0.000010 0.999939 0.000010 0.000011 0.000010 0.000010 0.000010
0.000010 0.999940 0.000010 0.000010 0.000010 0.000010 0.000010
0.000010 0.999940 0.000010 0.000010 0.000010 0.000010 0.000010
0.000010 0.999940 0.000010 0.000010 0.000010 0.000010 0.000010
0.000010 0.999940 0.000010 0.000010 0.000010 0.000010 0.000010
0.000010 0.999940 0.000010 0.000010 0.000010 0.000010 0.000010
0.000010 0.999940 0.000010 0.000010 0.000010 0.000010 0.000010
